0.125 0.09 512 0.03 11
0.1 0.09 512 0.03 12
0.12 0.09 512 0.03 13
0.15 0.09 512 0.03 14
0.173 0.09 512 0.03 15
0.22 0.09 512 0.03 16
0.25 0.09 512 0.03 17
0.3 0.09 512 0.03 18
0.35 0.09 512 0.03 19
0.2 0.09 512 0.03 20
0.125 0.09 512 0.03 21
0.1 0.09 512 0.03 22
0.12 0.09 512 0.03 23
0.15 0.09 512 0.03 24
0.173 0.09 512 0.03 25
0.22 0.09 512 0.03 26
0.25 0.09 512 0.03 27
0.3 0.09 512 0.03 28
0.35 0.09 512 0.03 29
0.2 0.09 512 0.03 30
0.125 0.09 512 0.03 31
0.1 0.09 512 0.03 32
0.12 0.09 512 0.03 33
0.15 0.09 512 0.03 34
0.173 0.09 512 0.03 35
0.22 0.09 512 0.03 36
0.25 0.09 512 0.03 37
0.3 0.09 512 0.03 38
0.35 0.09 512 0.03 39
0.2 0.09 512 0.03 40
0.125 0.09 512 0.03 41
0.1 0.09 512 0.03 42
0.12 0.09 512 0.03 43
0.15 0.09 512 0.03 44
0.173 0.09 512 0.03 45
0.22 0.09 512 0.03 46
0.25 0.09 512 0.03 47
0.3 0.09 512 0.03 48
0.35 0.09 512 0.03 49
0.2 0.09 512 0.03 50