radius,time,R0
0.219990189352205,0,0.22
0.219990189352205,0,0.22
0.216416256095386,0.0025,0.22
0.215021048129356,0.005,0.22
0.213844850091799,0.0075,0.22
0.212772209420878,0.01,0.22
0.211764418293363,0.0125,0.22
0.210808903009853,0.015,0.22
0.209889651700543,0.0175,0.22
0.209001947233806,0.02,0.22
0.208145255678511,0.0225,0.22
0.207312972862032,0.025,0.22
0.206503390499745,0.0275,0.22
0.20571311601785,0.03,0.22
0.204941795383139,0.0325,0.22
0.204188577853815,0.035,0.22
0.203454666095293,0.0375,0.22
0.202739784423683,0.04,0.22
0.202038620914404,0.0425,0.22
0.201356204963725,0.045,0.22
0.200690036060695,0.0475,0.22
0.200037153052824,0.05,0.22
0.199398418438386,0.0525,0.22
0.19877098539101,0.055,0.22
0.19815846751752,0.0575,0.22
0.197560156340699,0.06,0.22
0.196973229756443,0.0625,0.22
0.196399034784725,0.065,0.22
0.195838559327596,0.0675,0.22
0.19527803215522,0.07,0.22
0.194748135152054,0.0725,0.22
0.194220886374707,0.075,0.22
0.193705500078955,0.0775,0.22
0.19320097743976,0.08,0.22
0.192703814412578,0.0825,0.22
0.192217525803269,0.085,0.22
0.191741883659098,0.0875,0.22
0.191275368544882,0.09,0.22
0.190818327657539,0.0925,0.22
0.190371424462475,0.095,0.22
0.189931996606626,0.0975,0.22
0.189500105540387,0.1,0.22
0.189078869069412,0.1025,0.22
0.18866252618986,0.105,0.22
0.188255731679658,0.1075,0.22
0.187855395094519,0.11,0.22
0.187452827218773,0.1125,0.22
0.187079406325464,0.115,0.22
0.186703617362044,0.1175,0.22
0.186335745355193,0.12,0.22
0.18597493026719,0.1225,0.22
0.185620721007782,0.125,0.22
0.185271212575365,0.1275,0.22
0.184928453267164,0.13,0.22
0.184592760997849,0.1325,0.22
0.184263819600881,0.135,0.22
0.18394119747243,0.1375,0.22
0.183623115812582,0.14,0.22
0.183311184760875,0.1425,0.22
0.183005552176232,0.145,0.22
0.182705053773178,0.1475,0.22
0.182409906583456,0.15,0.22
0.182118063123043,0.1525,0.22
0.181831720904992,0.155,0.22
0.181551280786055,0.1575,0.22
0.181276606383911,0.16,0.22
0.181005257220144,0.1625,0.22
0.180739462485373,0.165,0.22
0.180480121653011,0.1675,0.22
0.18022342641587,0.17,0.22
0.179971742312745,0.1725,0.22
0.179714001668969,0.175,0.22
0.17948176837574,0.1775,0.22
0.179243515972901,0.18,0.22
0.179009721065623,0.1825,0.22
0.17878023565857,0.185,0.22
0.178554867274228,0.1875,0.22
0.178333016882892,0.19,0.22
0.178113929787615,0.1925,0.22
0.177897764075403,0.195,0.22
0.177685456372891,0.1975,0.22
0.177477136045123,0.2,0.22
0.177272681007708,0.2025,0.22
0.177071856909005,0.205,0.22
0.176874511914364,0.2075,0.22
0.176680656748111,0.21,0.22
0.176490256515049,0.2125,0.22
0.17630300262446,0.215,0.22
0.176118407945673,0.2175,0.22
0.175936579063409,0.22,0.22
0.175758057270483,0.2225,0.22
0.175582508862678,0.225,0.22
0.17540964997587,0.2275,0.22
0.175239536334739,0.23,0.22
0.175072507612761,0.2325,0.22
0.174908485737972,0.235,0.22
0.174746962623477,0.2375,0.22
0.174587487121093,0.24,0.22
0.174430099701461,0.2425,0.22
0.174275495647785,0.245,0.22
0.174123740404935,0.2475,0.22
0.173974759076081,0.25,0.22
0.173828480033156,0.2525,0.22
0.173684834620613,0.255,0.22
0.173543379442232,0.2575,0.22
0.173403527203852,0.26,0.22
0.173265709466216,0.2625,0.22
0.173130017393057,0.265,0.22
0.172996811745578,0.2675,0.22
0.172865951237413,0.27,0.22
0.172737413314093,0.2725,0.22
0.172609971963304,0.275,0.22
0.172484799371222,0.2775,0.22
0.172361433693976,0.28,0.22
0.172240560881798,0.2825,0.22
0.17212099968453,0.285,0.22
0.172004890026682,0.2875,0.22
0.171879054874796,0.29,0.22
0.171765330813002,0.2925,0.22
0.171664213719323,0.295,0.22
0.171554295024286,0.2975,0.22
0.171445985641084,0.3,0.22
0.171339264930281,0.3025,0.22
0.171234054141917,0.305,0.22
0.171130465029619,0.3075,0.22
0.171028464613101,0.31,0.22
0.170928138195283,0.3125,0.22
0.170829450768307,0.315,0.22
0.170732241067032,0.3175,0.22
0.170636380186677,0.32,0.22
0.170542041723425,0.3225,0.22
0.170449116058247,0.325,0.22
0.170357519946324,0.3275,0.22
0.17026740435895,0.33,0.22
0.170178741357255,0.3325,0.22
0.170091502296668,0.335,0.22
0.170005659278499,0.3375,0.22
0.16992118514242,0.34,0.22
0.169838053447364,0.3425,0.22
0.169756238449097,0.345,0.22
0.169675715076979,0.3475,0.22
0.169596458910833,0.35,0.22
0.169518446158328,0.3525,0.22
0.16944165363305,0.355,0.22
0.16936605873336,0.3575,0.22
0.169291639422075,0.36,0.22
0.169218374206952,0.3625,0.22
0.169146209850016,0.365,0.22
0.169075148850023,0.3675,0.22
0.169005160495575,0.37,0.22
0.168936213471505,0.3725,0.22
0.16886830239342,0.375,0.22
0.168801389616968,0.3775,0.22
0.16873527756216,0.38,0.22
0.16867007771885,0.3825,0.22
0.168605883154778,0.385,0.22
0.168542676069413,0.3875,0.22
0.168480333931579,0.39,0.22
0.168418780497433,0.3925,0.22
0.168358132944173,0.395,0.22
0.168298355793424,0.3975,0.22
0.168239497703396,0.4,0.22
0.168181524948407,0.4025,0.22
0.168124397267183,0.405,0.22
0.168068122267686,0.4075,0.22
0.168012668276133,0.41,0.22
0.167958061343511,0.4125,0.22
0.167904262425394,0.415,0.22
0.167851265436402,0.4175,0.22
0.167799074584,0.42,0.22
0.167747636120288,0.4225,0.22
0.167696977031148,0.425,0.22
0.167647066013795,0.4275,0.22
0.167597891793167,0.43,0.22
0.167549461219656,0.4325,0.22
0.16750173781651,0.435,0.22
0.167454720662009,0.4375,0.22
0.167408411946216,0.44,0.22
0.167362779344484,0.4425,0.22
0.167317828420198,0.445,0.22
0.167273552691153,0.4475,0.22
0.167229941018895,0.45,0.22
0.167186965533961,0.4525,0.22
0.167144463469255,0.455,0.22
0.167102506246564,0.4575,0.22
0.167061134183527,0.46,0.22
0.16702038517384,0.4625,0.22
0.16698024893974,0.465,0.22
0.166940697108628,0.4675,0.22
0.166901735472242,0.47,0.22
0.166863307434769,0.4725,0.22
0.166825410569398,0.475,0.22
0.166787981861485,0.4775,0.22
0.166751115482441,0.48,0.22
0.166714802154711,0.4825,0.22
0.166679032876481,0.485,0.22
0.166643798810588,0.4875,0.22
0.166609091207931,0.49,0.22
0.166574901521931,0.4925,0.22
0.166541221416832,0.495,0.22
0.166508042702565,0.4975,0.22
0.166475357326222,0.5,0.22
0.166443157309443,0.5025,0.22
0.166411434901908,0.505,0.22
0.166380182509091,0.5075,0.22
0.16634939266769,0.51,0.22
0.166319058046948,0.5125,0.22
0.16628916170204,0.515,0.22
0.166259700920918,0.5175,0.22
0.166230674792597,0.52,0.22
0.16620207647423,0.5225,0.22
0.166173899244776,0.525,0.22
0.166146136502425,0.5275,0.22
0.166118781762065,0.53,0.22
0.166091822739565,0.5325,0.22
0.166065246806415,0.535,0.22
0.166039051454925,0.5375,0.22
0.166013240342926,0.54,0.22
0.165987807497883,0.5425,0.22
0.165962747051059,0.545,0.22
0.16593805178508,0.5475,0.22
0.165913712705034,0.55,0.22
0.165889675619355,0.5525,0.22
0.165865914518793,0.555,0.22
0.165842440886984,0.5575,0.22
0.165819271391308,0.56,0.22
0.165796443065343,0.5625,0.22
0.16577395058453,0.565,0.22
0.165751788716783,0.5675,0.22
0.165729941423556,0.57,0.22
0.165708391434593,0.5725,0.22
0.165687153145028,0.575,0.22
0.165666226442784,0.5775,0.22
0.16564560650217,0.58,0.22
0.165625277189613,0.5825,0.22
0.165605229796796,0.585,0.22
0.165585475790061,0.5875,0.22
0.165565944213222,0.59,0.22
0.165546697931316,0.5925,0.22
0.165527688046368,0.595,0.22
0.165508930705846,0.5975,0.22
0.165490447669824,0.6,0.22
0.165472231795346,0.6025,0.22
0.16545428278413,0.605,0.22
0.165436595921311,0.6075,0.22
0.165419146291387,0.61,0.22
0.165401951879646,0.6125,0.22
0.16538500876451,0.615,0.22
0.165368313089898,0.6175,0.22
0.16535186106411,0.62,0.22
0.165335648958686,0.6225,0.22
0.165319659259003,0.625,0.22
0.165303895365535,0.6275,0.22
0.165288361007307,0.63,0.22
0.165273052687149,0.6325,0.22
0.165257966965727,0.635,0.22
0.165243100442299,0.6375,0.22
0.165228449759827,0.64,0.22
0.165214011655001,0.6425,0.22
0.165199782914687,0.645,0.22
0.165185760376074,0.6475,0.22
0.165171940927011,0.65,0.22
0.165158321481614,0.6525,0.22
0.16514489900772,0.655,0.22
0.165131670549974,0.6575,0.22
0.165118633196846,0.66,0.22
0.165105784081987,0.6625,0.22
0.165093120384394,0.665,0.22
0.165080639327962,0.6675,0.22
0.165068338180848,0.67,0.22
0.165056214254778,0.6725,0.22
0.165044264904315,0.675,0.22
0.16503248752614,0.6775,0.22
0.165020879558313,0.68,0.22
0.165009432928959,0.6825,0.22
0.164998148496206,0.685,0.22
0.164987026201868,0.6875,0.22
0.164976063638218,0.69,0.22
0.164965202117524,0.6925,0.22
0.164954462139578,0.695,0.22
0.164943877625794,0.6975,0.22
0.164933397294031,0.7,0.22
0.164923052343038,0.7025,0.22
0.164912857838023,0.705,0.22
0.164902811497331,0.7075,0.22
0.164892911076524,0.71,0.22
0.164883154367702,0.7125,0.22
0.16487353919884,0.715,0.22
0.164864063433137,0.7175,0.22
0.164854724968377,0.72,0.22
0.164845519709158,0.7225,0.22
0.164836443351699,0.725,0.22
0.164827498318851,0.7275,0.22
0.164818682637682,0.73,0.22
0.16480999436693,0.7325,0.22
0.164801431596436,0.735,0.22
0.164792992446593,0.7375,0.22
0.164784675067804,0.74,0.22
0.164776477639952,0.7425,0.22
0.164768398371882,0.745,0.22
0.164760435500888,0.7475,0.22
0.164752587292218,0.75,0.22
0.164744852038584,0.7525,0.22
0.164737226160117,0.755,0.22
0.164729706695289,0.7575,0.22
0.164722295322783,0.76,0.22
0.164714990438301,0.7625,0.22
0.164707790462759,0.765,0.22
0.164700693841851,0.7675,0.22
0.164693699045626,0.77,0.22
0.164686804568069,0.7725,0.22
0.164680008926686,0.775,0.22
0.164673310662112,0.7775,0.22
0.164666708337707,0.78,0.22
0.164660200539176,0.7825,0.22
0.164653785874187,0.785,0.22
0.164647462972,0.7875,0.22
0.16464119934792,0.79,0.22
0.164635022671444,0.7925,0.22
0.164628934557786,0.795,0.22
0.164622933699076,0.7975,0.22
0.164617018807807,0.8,0.22
0.164611160244311,0.8025,0.22
0.164605377723222,0.805,0.22
0.164599678226476,0.8075,0.22
0.164594060525099,0.81,0.22
0.164588523409326,0.8125,0.22
0.164583065688266,0.815,0.22
0.164577686189587,0.8175,0.22
0.164572383759196,0.82,0.22
0.16456715626165,0.8225,0.22
0.164562001021024,0.825,0.22
0.164556919555321,0.8275,0.22
0.164551910779148,0.83,0.22
0.164546973623895,0.8325,0.22
0.164542107037451,0.835,0.22
0.164537309983929,0.8375,0.22
0.164532581443397,0.84,0.22
0.164527920411609,0.8425,0.22
0.164523325899745,0.845,0.22
0.164518796934156,0.8475,0.22
0.164514332556111,0.85,0.22
0.164509931821553,0.8525,0.22
0.164505593800852,0.855,0.22
0.164501317578573,0.8575,0.22
0.16449710225324,0.86,0.22
0.164492946937106,0.8625,0.22
0.16448885075593,0.865,0.22
0.164484812848755,0.8675,0.22
0.164480832367692,0.87,0.22
0.164476908477707,0.8725,0.22
0.164473040356413,0.875,0.22
0.164469227193863,0.8775,0.22
0.164465468192348,0.88,0.22
0.164461762566203,0.8825,0.22
0.164458109541608,0.885,0.22
0.164454507061821,0.8875,0.22
0.164450953696243,0.89,0.22
0.164447450732017,0.8925,0.22
0.164443997439931,0.895,0.22
0.164440593101712,0.8975,0.22
0.16443723700986,0.9,0.22
0.164433928467469,0.9025,0.22
0.164430666788064,0.905,0.22
0.164427451295431,0.9075,0.22
0.164424281323456,0.91,0.22
0.164421156215962,0.9125,0.22
0.164418075326557,0.915,0.22
0.164415038018474,0.9175,0.22
0.164412043664423,0.92,0.22
0.164409083560622,0.9225,0.22
0.164406114093212,0.925,0.22
0.164403187854396,0.9275,0.22
0.164400304188774,0.93,0.22
0.164397462451571,0.9325,0.22
0.164394662008454,0.935,0.22
0.164391870772209,0.9375,0.22
0.16438910448868,0.94,0.22
0.164386379183185,0.9425,0.22
0.164383694215873,0.945,0.22
0.164381048957736,0.9475,0.22
0.164378442790401,0.95,0.22
0.164375875105933,0.9525,0.22
0.164373345306637,0.955,0.22
0.164370852804868,0.9575,0.22
0.164368397022841,0.96,0.22
0.16436597739245,0.9625,0.22
0.164363593355084,0.965,0.22
0.164361244361453,0.9675,0.22
0.164358929871418,0.97,0.22
0.164356649353816,0.9725,0.22
0.1643544022863,0.975,0.22
0.164352188155174,0.9775,0.22
0.164350006455233,0.98,0.22
0.164347856689611,0.9825,0.22
0.164345738369628,0.985,0.22
0.164343651014638,0.9875,0.22
0.164341594151886,0.99,0.22
0.164339567316363,0.9925,0.22
0.164337570050666,0.995,0.22
0.164335601904863,0.9975,0.22
0.164333662436352,1,0.22
0.164331751209739,1.0025,0.22
0.164329867796699,1.005,0.22
0.164328011775856,1.0075,0.22
0.164326182732656,1.01,0.22
0.164324380259246,1.0125,0.22
0.164322603954355,1.015,0.22
0.164320853423176,1.0175,0.22
0.164319128277253,1.02,0.22
0.164317428134371,1.0225,0.22
0.164315752618439,1.025,0.22
0.164314101052652,1.0275,0.22
0.164312472155898,1.03,0.22
0.164310866816185,1.0325,0.22
0.164309284680526,1.035,0.22
0.164307725401553,1.0375,0.22
0.164306188637415,1.04,0.22
0.164304674051685,1.0425,0.22
0.164303181313264,1.045,0.22
0.164301710096289,1.0475,0.22
0.164300260080043,1.05,0.22
0.164298830948867,1.0525,0.22
0.164297422392074,1.055,0.22
0.164296034103859,1.0575,0.22
0.164294665783222,1.06,0.22
0.16429331713388,1.0625,0.22
0.164291987864191,1.065,0.22
0.164290677687073,1.0675,0.22
0.164289386319925,1.07,0.22
0.164288113484555,1.0725,0.22
0.164286858907103,1.075,0.22
0.164285622317966,1.0775,0.22
0.164284403451732,1.08,0.22
0.164283202047103,1.0825,0.22
0.164282017846831,1.085,0.22
0.164280850597646,1.0875,0.22
0.164279700050192,1.09,0.22
0.164278565958964,1.0925,0.22
0.164277448082237,1.095,0.22
0.16427634618201,1.0975,0.22
0.16427526002394,1.1,0.22
0.164274189377285,1.1025,0.22
0.16427313401484,1.105,0.22
0.164272093712881,1.1075,0.22
0.16427106825111,1.11,0.22
0.164270057412422,1.1125,0.22
0.164269060980624,1.115,0.22
0.164268078745069,1.1175,0.22
0.164267110499139,1.12,0.22
0.164266156039111,1.1225,0.22
0.164265215164261,1.125,0.22
0.164264287676863,1.1275,0.22
0.164263373382168,1.13,0.22
0.164262472088356,1.1325,0.22
0.164261583606504,1.135,0.22
0.164260707750537,1.1375,0.22
0.164259844337184,1.14,0.22
0.164258993185938,1.1425,0.22
0.164258154119008,1.145,0.22
0.164257326961279,1.1475,0.22
0.164256511540269,1.15,0.22
0.164255707686085,1.1525,0.22
0.164254915231386,1.155,0.22
0.164254134011339,1.1575,0.22
0.164253363863579,1.16,0.22
0.164252604628171,1.1625,0.22
0.164251856147575,1.165,0.22
0.164251118266599,1.1675,0.22
0.164250390832372,1.17,0.22
0.164249673694301,1.1725,0.22
0.164248966704035,1.175,0.22
0.164248269715434,1.1775,0.22
0.16424758258453,1.18,0.22
0.164246905169496,1.1825,0.22
0.164246237330609,1.185,0.22
0.16424557893022,1.1875,0.22
0.16424492983272,1.19,0.22
0.16424428990451,1.1925,0.22
0.164243659013966,1.195,0.22
0.164243037031411,1.1975,0.22
0.164242423829084,1.2,0.22
0.164241819281112,1.2025,0.22
0.164241223263476,1.205,0.22
0.164240635653988,1.2075,0.22
0.164240056332258,1.21,0.22
0.164239485179668,1.2125,0.22
0.164238922079346,1.215,0.22
0.164238366916136,1.2175,0.22
0.164237819576575,1.22,0.22
0.164237279948864,1.2225,0.22
0.164236747922845,1.225,0.22
0.164236223389971,1.2275,0.22
0.16423570624329,1.23,0.22
0.16423519637741,1.2325,0.22
0.164234693688483,1.235,0.22
0.164234198074181,1.2375,0.22
0.164233709433665,1.24,0.22
0.164233227667574,1.2425,0.22
0.164232752677992,1.245,0.22
0.164232284368432,1.2475,0.22
0.164231822643812,1.25,0.22
0.164231367410437,1.2525,0.22
0.164230918575972,1.255,0.22
0.164230476049427,1.2575,0.22
0.164230039741132,1.26,0.22
0.164229609562722,1.2625,0.22
0.164229185427114,1.265,0.22
0.164228767248487,1.2675,0.22
0.164228354942266,1.27,0.22
0.164227948425102,1.2725,0.22
0.16422754761485,1.275,0.22
0.164227152430558,1.2775,0.22
0.164226762792444,1.28,0.22
0.164226378621877,1.2825,0.22
0.164225999841367,1.285,0.22
0.164225626374538,1.2875,0.22
0.164225258146122,1.29,0.22
0.164224895081934,1.2925,0.22
0.164224537108859,1.295,0.22
0.164224184154836,1.2975,0.22
0.164223836148844,1.3,0.22
0.164223493020883,1.3025,0.22
0.164223154701962,1.305,0.22
0.16422282112408,1.3075,0.22
0.164222492220217,1.31,0.22
0.164222167924315,1.3125,0.22
0.164221848171266,1.315,0.22
0.164221532896894,1.3175,0.22
0.164221222037948,1.32,0.22
0.164220915532083,1.3225,0.22
0.164220613317848,1.325,0.22
0.164220315334673,1.3275,0.22
0.164220021522857,1.33,0.22
0.164219731823552,1.3325,0.22
0.164219446178754,1.335,0.22
0.16421916453129,1.3375,0.22
0.164218886824803,1.34,0.22
0.164218613003744,1.3425,0.22
0.164218343013357,1.345,0.22
0.164218076799668,1.3475,0.22
0.164217814309475,1.35,0.22
0.164217555490335,1.3525,0.22
0.164217300290554,1.355,0.22
0.164217048659175,1.3575,0.22
0.164216800545969,1.36,0.22
0.164205946376679,1.3625,0.22
0.164205697989333,1.365,0.22
0.164205453054446,1.3675,0.22
0.164205211523988,1.37,0.22
0.164204973350598,1.3725,0.22
0.164204738487575,1.375,0.22
0.164204506888868,1.3775,0.22
0.164204278509067,1.38,0.22
0.164204053303398,1.3825,0.22
0.164203831227707,1.385,0.22
0.164203612238458,1.3875,0.22
0.164203396292721,1.39,0.22
0.164203183348163,1.3925,0.22
0.164202973363041,1.395,0.22
0.164202766296195,1.3975,0.22
0.164202562107036,1.4,0.22
0.164202360755542,1.4025,0.22
0.164202162202249,1.405,0.22
0.16420196640824,1.4075,0.22
0.164201773335143,1.41,0.22
0.164201582945119,1.4125,0.22
0.164201395200855,1.415,0.22
0.16420121006556,1.4175,0.22
0.164201027502953,1.42,0.22
0.16420084747726,1.4225,0.22
0.164200669953204,1.425,0.22
0.164200494895999,1.4275,0.22
0.164200322271344,1.43,0.22
0.164200152045417,1.4325,0.22
0.164199984184863,1.435,0.22
0.164199818656795,1.4375,0.22
0.164199655428782,1.44,0.22
0.164199494468845,1.4425,0.22
0.16419933574545,1.445,0.22
0.164199179227502,1.4475,0.22
0.164199024884339,1.45,0.22
0.164198872685725,1.4525,0.22
0.164198722601846,1.455,0.22
0.164198574603303,1.4575,0.22
0.164198428661104,1.46,0.22
0.164198284746664,1.4625,0.22
0.164198142831792,1.465,0.22
0.164198002888692,1.4675,0.22
0.164197864889954,1.47,0.22
0.164197728808549,1.4725,0.22
0.164197594617825,1.475,0.22
0.1641974622915,1.4775,0.22
0.164197331803659,1.48,0.22
0.164197203128745,1.4825,0.22
0.164197076241559,1.485,0.22
0.164196951117252,1.4875,0.22
0.16419682773132,1.49,0.22
0.164196706059601,1.4925,0.22
0.164196586078268,1.495,0.22
0.164196467763826,1.4975,0.22
0.164196351093108,1.5,0.22
0.164196236043267,1.5025,0.22
0.164196122591776,1.505,0.22
0.16419601071642,1.5075,0.22
0.164195900395292,1.51,0.22
0.164195791606793,1.5125,0.22
0.164195684329621,1.515,0.22
0.164195578542773,1.5175,0.22
0.164195474225537,1.52,0.22
0.164195371357488,1.5225,0.22
0.164195269918486,1.525,0.22
0.164195169888672,1.5275,0.22
0.164195071248462,1.53,0.22
0.164194973978545,1.5325,0.22
0.164194878059878,1.535,0.22
0.164194783473683,1.5375,0.22
0.164194690201443,1.54,0.22
0.1641945982249,1.5425,0.22
0.164194507526047,1.545,0.22
0.16419441808713,1.5475,0.22
0.164194329890641,1.55,0.22
0.164194242919314,1.5525,0.22
0.164194157156127,1.555,0.22
0.16419407258429,1.5575,0.22
0.164193989187249,1.56,0.22
0.16419390694868,1.5625,0.22
0.164193825852486,1.565,0.22
0.164193745882792,1.5675,0.22
0.164193667023948,1.57,0.22
0.164193589260516,1.5725,0.22
0.164193512577277,1.575,0.22
0.164193436959222,1.5775,0.22
0.164193362391551,1.58,0.22
0.164193288859668,1.5825,0.22
0.164193216349182,1.585,0.22
0.164193144845903,1.5875,0.22
0.164193074335834,1.59,0.22
0.164193004805178,1.5925,0.22
0.164192936240325,1.595,0.22
0.164192868627857,1.5975,0.22
0.164192801954541,1.6,0.22
0.164192736207331,1.6025,0.22
0.164192671373357,1.605,0.22
0.164192607439934,1.6075,0.22
0.164192544394548,1.61,0.22
0.164192482224862,1.6125,0.22
0.16419242091871,1.615,0.22
0.164192360464095,1.6175,0.22
0.164192300849186,1.62,0.22
0.164192242062317,1.6225,0.22
0.164192184091985,1.625,0.22
0.164192126926845,1.6275,0.22
0.164192070555711,1.63,0.22
0.164192014967552,1.6325,0.22
0.164191960151491,1.635,0.22
0.164191906096802,1.6375,0.22
0.164191852792907,1.64,0.22
0.164191800229376,1.6425,0.22
0.164191748395923,1.645,0.22
0.164191697282407,1.6475,0.22
0.164191646878826,1.65,0.22
0.164191597175317,1.6525,0.22
0.164191548162155,1.655,0.22
0.16419149982975,1.6575,0.22
0.164191452168645,1.66,0.22
0.164191405169515,1.6625,0.22
0.164191358823163,1.665,0.22
0.164191313120522,1.6675,0.22
0.164191268052649,1.67,0.22
0.164191223610727,1.6725,0.22
0.16419117978606,1.675,0.22
0.164191136570073,1.6775,0.22
0.164191093954312,1.68,0.22
0.164191051930439,1.6825,0.22
0.164191010490231,1.685,0.22
0.16419096962558,1.6875,0.22
0.164190929328493,1.69,0.22
0.164190889591084,1.6925,0.22
0.16419085040558,1.695,0.22
0.164190811764313,1.6975,0.22
0.164190773659724,1.7,0.22
0.164190736084359,1.7025,0.22
0.164190699030865,1.705,0.22
0.164190662491994,1.7075,0.22
0.164190626460597,1.71,0.22
0.164190590929626,1.7125,0.22
0.164190555892129,1.715,0.22
0.164190521341251,1.7175,0.22
0.164190487270234,1.72,0.22
0.164190453672411,1.7225,0.22
0.164190420541211,1.725,0.22
0.164190387870151,1.7275,0.22
0.16419035565284,1.73,0.22
0.164190323882976,1.7325,0.22
0.164190292554343,1.735,0.22
0.164190261660813,1.7375,0.22
0.164190231196341,1.74,0.22
0.16419020115497,1.7425,0.22
0.164190171530821,1.745,0.22
0.1641901423181,1.7475,0.22
0.164190113511092,1.75,0.22
0.164190085104161,1.7525,0.22
0.164190057091751,1.755,0.22
0.164190029468382,1.7575,0.22
0.164190002228651,1.76,0.22
0.164189975367228,1.7625,0.22
0.164189948878859,1.765,0.22
0.164189922758363,1.7675,0.22
0.164189897000629,1.77,0.22
0.164189871600621,1.7725,0.22
0.164189846553368,1.775,0.22
0.164189821853971,1.7775,0.22
0.1641897974976,1.78,0.22
0.164189773479489,1.7825,0.22
0.16418974979494,1.785,0.22
0.16418972643932,1.7875,0.22
0.164189703408061,1.79,0.22
0.164189680696658,1.7925,0.22
0.164189658300668,1.795,0.22
0.16418963621571,1.7975,0.22
0.164189614437465,1.8,0.22
0.164189592961672,1.8025,0.22
0.16418957178413,1.805,0.22
0.164189550900698,1.8075,0.22
0.164189530307291,1.81,0.22
0.164189509999879,1.8125,0.22
0.164189489974492,1.815,0.22
0.164189470227212,1.8175,0.22
0.164189450754176,1.82,0.22
0.164189431551576,1.8225,0.22
0.164189412615656,1.825,0.22
0.164189393942711,1.8275,0.22
0.164189375529089,1.83,0.22
0.16418935737119,1.8325,0.22
0.16418933946546,1.835,0.22
0.164189321808398,1.8375,0.22
0.16418930439655,1.84,0.22
0.16418928722651,1.8425,0.22
0.164189270294921,1.845,0.22
0.164189253598469,1.8475,0.22
0.164189237133891,1.85,0.22
0.164189220897964,1.8525,0.22
0.164189204887514,1.855,0.22
0.164189189099409,1.8575,0.22
0.164189173530561,1.86,0.22
0.164189158177925,1.8625,0.22
0.164189143038498,1.865,0.22
0.164189128109319,1.8675,0.22
0.164189113387468,1.87,0.22
0.164189098870066,1.8725,0.22
0.164189084554272,1.875,0.22
0.164189070437288,1.8775,0.22
0.164189056516352,1.88,0.22
0.164189042788741,1.8825,0.22
0.16418902925177,1.885,0.22
0.164189015902791,1.8875,0.22
0.164189002739195,1.89,0.22
0.164188989758405,1.8925,0.22
0.164188976957884,1.895,0.22
0.164188964335128,1.8975,0.22
0.164188951887667,1.9,0.22
0.164188939613068,1.9025,0.22
0.164188927508929,1.905,0.22
0.164188915572884,1.9075,0.22
0.164188903802597,1.91,0.22
0.164188892195767,1.9125,0.22
0.164188880750124,1.915,0.22
0.164188869463429,1.9175,0.22
0.164188858333475,1.92,0.22
0.164188847358084,1.9225,0.22
0.16418883653511,1.925,0.22
0.164188825862437,1.9275,0.22
0.164188815337978,1.93,0.22
0.164188804959673,1.9325,0.22
0.164188794725493,1.935,0.22
0.164188784633436,1.9375,0.22
0.164188774681529,1.94,0.22
0.164188764867825,1.9425,0.22
0.164188755190405,1.945,0.22
0.164188745647376,1.9475,0.22
0.164188736236872,1.95,0.22
0.164188726957053,1.9525,0.22
0.164188717806103,1.955,0.22
0.164188708782232,1.9575,0.22
0.164188699883677,1.96,0.22
0.164188691108696,1.9625,0.22
0.164188682455573,1.965,0.22
0.164188673922616,1.9675,0.22
0.164188665508157,1.97,0.22
0.164188657210549,1.9725,0.22
0.16418864902817,1.975,0.22
0.164188640959419,1.9775,0.22
0.164188633002719,1.98,0.22
0.164188625156514,1.9825,0.22
0.164188617419268,1.985,0.22
0.164188609789469,1.9875,0.22
0.164188602265624,1.99,0.22
0.164188594846262,1.9925,0.22
0.164188587529933,1.995,0.22
0.164188580315204,1.9975,0.22
0.164188573200666,2,0.22
0.164188566184926,2.0025,0.22
0.164188559266614,2.005,0.22
0.164188552444374,2.0075,0.22
0.164188545716875,2.01,0.22
0.164188539082799,2.0125,0.22
0.164188532540849,2.015,0.22
0.164188526089747,2.0175,0.22
0.16418851972823,2.02,0.22
0.164188513455054,2.0225,0.22
0.164188507268992,2.025,0.22
0.164188501168835,2.0275,0.22
0.164188495153389,2.03,0.22
0.164188489221479,2.0325,0.22
0.164188483371944,2.035,0.22
0.16418847760364,2.0375,0.22
0.164188471915438,2.04,0.22
0.164188466306228,2.0425,0.22
0.164188460774911,2.045,0.22
0.164188455320406,2.0475,0.22
0.164188449941646,2.05,0.22
0.164188444637579,2.0525,0.22
0.164188439407168,2.055,0.22
0.164188434249391,2.0575,0.22
0.164188429163238,2.06,0.22
0.164188424147714,2.0625,0.22
0.16418841920184,2.065,0.22
0.164188414324647,2.0675,0.22
0.164188409515182,2.07,0.22
0.164188404772504,2.0725,0.22
0.164188400095686,2.075,0.22
0.164188395483813,2.0775,0.22
0.164188390935984,2.08,0.22
0.164188386451308,2.0825,0.22
0.164188382028909,2.085,0.22
0.164188377667922,2.0875,0.22
0.164188373367495,2.09,0.22
0.164188369126785,2.0925,0.22
0.164188364944964,2.095,0.22
0.164188360821215,2.0975,0.22
0.164188356754729,2.1,0.22
0.164188352744714,2.1025,0.22
0.164188348790383,2.105,0.22
0.164188344890964,2.1075,0.22
0.164188341045695,2.11,0.22
0.164188337253822,2.1125,0.22
0.164188333514606,2.115,0.22
0.164188329827313,2.1175,0.22
0.164188326191225,2.12,0.22
0.164188322605628,2.1225,0.22
0.164188319069823,2.125,0.22
0.164188315583117,2.1275,0.22
0.16418831214483,2.13,0.22
0.164188308754287,2.1325,0.22
0.164188305410827,2.135,0.22
0.164188302113796,2.1375,0.22
0.164188298862548,2.14,0.22
0.164188295656449,2.1425,0.22
0.16418829249487,2.145,0.22
0.164188289377194,2.1475,0.22
0.164188286302811,2.15,0.22
0.164188283271121,2.1525,0.22
0.164188280281529,2.155,0.22
0.164188277333451,2.1575,0.22
0.164188274426311,2.16,0.22
0.164188271559541,2.1625,0.22
0.164188268732579,2.165,0.22
0.164188265944873,2.1675,0.22
0.164188263195878,2.17,0.22
0.164188260485056,2.1725,0.22
0.164188257811877,2.175,0.22
0.164188255175818,2.1775,0.22
0.164188252576364,2.18,0.22
0.164188250013007,2.1825,0.22
0.164188247485244,2.185,0.22
0.164188244992583,2.1875,0.22
0.164188242534535,2.19,0.22
0.16418824011062,2.1925,0.22
0.164188237720363,2.195,0.22
0.164188235363298,2.1975,0.22
0.164188233038963,2.2,0.22
0.164188230746904,2.2025,0.22
0.164188228486673,2.205,0.22
0.164188226257828,2.2075,0.22
0.164188224059932,2.21,0.22
0.164188221892556,2.2125,0.22
0.164188219755277,2.215,0.22
0.164188217647675,2.2175,0.22
0.16418821556934,2.22,0.22
0.164188213519864,2.2225,0.22
0.164188211498848,2.225,0.22
0.164188209505895,2.2275,0.22
0.164188207540615,2.23,0.22
0.164188205602626,2.2325,0.22
0.164188203691547,2.235,0.22
0.164188201807005,2.2375,0.22
0.164188199948632,2.24,0.22
0.164188198116064,2.2425,0.22
0.164188196308942,2.245,0.22
0.164188194526914,2.2475,0.22
0.164188192769631,2.25,0.22
0.164188191036748,2.2525,0.22
0.164188189327929,2.255,0.22
0.164188187642837,2.2575,0.22
0.164188185981144,2.26,0.22
0.164188184342525,2.2625,0.22
0.164188182726659,2.265,0.22
0.16418818113323,2.2675,0.22
0.164188179561928,2.27,0.22
0.164188178012444,2.2725,0.22
0.164188176484475,2.275,0.22
0.164188174977723,2.2775,0.22
0.164188173491893,2.28,0.22
0.164188172026695,2.2825,0.22
0.164188170581842,2.285,0.22
0.164188169157051,2.2875,0.22
0.164188167752044,2.29,0.22
0.164188166366547,2.2925,0.22
0.164188165000287,2.295,0.22
0.164188163652999,2.2975,0.22
0.164188162324418,2.3,0.22
0.164188161014286,2.3025,0.22
0.164188159722344,2.305,0.22
0.164188158448342,2.3075,0.22
0.16418815719203,2.31,0.22
0.164188155953162,2.3125,0.22
0.164188154731496,2.315,0.22
0.164188153526793,2.3175,0.22
0.164188152338818,2.32,0.22
0.164188151167338,2.3225,0.22
0.164188150012124,2.325,0.22
0.164188148872951,2.3275,0.22
0.164188147749595,2.33,0.22
0.164188146641837,2.3325,0.22
0.16418814554946,2.335,0.22
0.164188144472251,2.3375,0.22
0.164188143409999,2.34,0.22
0.164188142362496,2.3425,0.22
0.164188141329538,2.345,0.22
0.164188140310923,2.3475,0.22
0.164188139306451,2.35,0.22
0.164188138315925,2.3525,0.22
0.164188137339154,2.355,0.22
0.164188136375944,2.3575,0.22
0.164188135426108,2.36,0.22
0.164188134489461,2.3625,0.22
0.164188133565819,2.365,0.22
0.164188132655001,2.3675,0.22
0.16418813175683,2.37,0.22
0.164188130871129,2.3725,0.22
0.164188129997726,2.375,0.22
0.16418812913645,2.3775,0.22
0.164188128287132,2.38,0.22
0.164188127449607,2.3825,0.22
0.16418812662371,2.385,0.22
0.164188125809281,2.3875,0.22
0.164188125006159,2.39,0.22
0.164188124214188,2.3925,0.22
0.164188123433213,2.395,0.22
0.164188122663082,2.3975,0.22
0.164188121903643,2.4,0.22
0.164188121154748,2.4025,0.22
0.164188120416251,2.405,0.22
0.164188119688008,2.4075,0.22
0.164188118969875,2.41,0.22
0.164188118261714,2.4125,0.22
0.164188117563384,2.415,0.22
0.16418811687475,2.4175,0.22
0.164188116195677,2.42,0.22
0.164188115526032,2.4225,0.22
0.164188114865685,2.425,0.22
0.164188114214505,2.4275,0.22
0.164188113572367,2.43,0.22
0.164188112939143,2.4325,0.22
0.164188112314711,2.435,0.22
0.164188111698949,2.4375,0.22
0.164188111091736,2.44,0.22
0.164188110492953,2.4425,0.22
0.164188109902483,2.445,0.22
0.164188109320211,2.4475,0.22
0.164188108746023,2.45,0.22
0.164188108179806,2.4525,0.22
0.164188107621451,2.455,0.22
0.164188107070847,2.4575,0.22
0.164188106527887,2.46,0.22
0.164188105992466,2.4625,0.22
0.164188105464478,2.465,0.22
0.16418810494382,2.4675,0.22
0.16418810443039,2.47,0.22
0.164188103924088,2.4725,0.22
0.164188103424815,2.475,0.22
0.164188102932474,2.4775,0.22
0.164188102446967,2.48,0.22
0.164188101968201,2.4825,0.22
0.164188101496081,2.485,0.22
0.164188101030516,2.4875,0.22
0.164188100571414,2.49,0.22
0.164188100118685,2.4925,0.22
0.164188099672241,2.495,0.22
0.164188099231995,2.4975,0.22
0.164188098797861,2.5,0.22
0.164188098369753,2.5025,0.22
0.164188097947589,2.505,0.22
0.164188097531285,2.5075,0.22
0.16418809712076,2.51,0.22
0.164188096715934,2.5125,0.22
0.164188096316728,2.515,0.22
0.164188095923064,2.5175,0.22
0.164188095534864,2.52,0.22
0.164188095152054,2.5225,0.22
0.164188094774557,2.525,0.22
0.164188094402301,2.5275,0.22
0.164188094035212,2.53,0.22
0.164188093673219,2.5325,0.22
0.16418809331625,2.535,0.22
0.164188092964237,2.5375,0.22
0.164188092617111,2.54,0.22
0.164188092274802,2.5425,0.22
0.164188091937246,2.545,0.22
0.164188091604375,2.5475,0.22
0.164188091276125,2.55,0.22
0.164188090952431,2.5525,0.22
0.16418809063323,2.555,0.22
0.16418809031846,2.5575,0.22
0.164188090008059,2.56,0.22
0.164188089701966,2.5625,0.22
0.164188089400122,2.565,0.22
0.164188089102468,2.5675,0.22
0.164188088808945,2.57,0.22
0.164188088519497,2.5725,0.22
0.164188088234066,2.575,0.22
0.164188087952596,2.5775,0.22
0.164188087675034,2.58,0.22
0.164188087401324,2.5825,0.22
0.164188087131413,2.585,0.22
0.164188086865248,2.5875,0.22
0.164188086602778,2.59,0.22
0.16418808634395,2.5925,0.22
0.164188086088715,2.595,0.22
0.164188085837022,2.5975,0.22
0.164188085588822,2.6,0.22
0.164188085344067,2.6025,0.22
0.164188085102709,2.605,0.22
0.164188084864701,2.6075,0.22
0.164188084629996,2.61,0.22
0.164188084398548,2.6125,0.22
0.164188084170312,2.615,0.22
0.164188083945244,2.6175,0.22
0.1641880837233,2.62,0.22
0.164188083504435,2.6225,0.22
0.164188083288608,2.625,0.22
0.164188083075776,2.6275,0.22
0.164188082865898,2.63,0.22
0.164188082658932,2.6325,0.22
0.164188082454838,2.635,0.22
0.164188082253577,2.6375,0.22
0.164188082055108,2.64,0.22
0.164188081859394,2.6425,0.22
0.164188081666395,2.645,0.22
0.164188081476075,2.6475,0.22
0.164188081288396,2.65,0.22
0.164188081103321,2.6525,0.22
0.164188080920814,2.655,0.22
0.164188080740839,2.6575,0.22
0.164188080563362,2.66,0.22
0.164188080388348,2.6625,0.22
0.164188080215762,2.665,0.22
0.16418808004557,2.6675,0.22
0.16418807987774,2.67,0.22
0.164188079712239,2.6725,0.22
0.164188079549034,2.675,0.22
0.164188079388093,2.6775,0.22
0.164188079229386,2.68,0.22
0.16418807907288,2.6825,0.22
0.164188078918546,2.685,0.22
0.164188078766353,2.6875,0.22
0.164188078616272,2.69,0.22
0.164188078468273,2.6925,0.22
0.164188078322327,2.695,0.22
0.164188078178406,2.6975,0.22
0.164188078036481,2.7,0.22
0.164188077896525,2.7025,0.22
0.164188077758511,2.705,0.22
0.164188077622412,2.7075,0.22
0.1641880774882,2.71,0.22
0.164188077355851,2.7125,0.22
0.164188077225337,2.715,0.22
0.164188077096634,2.7175,0.22
0.164188076969716,2.72,0.22
0.164188076844558,2.7225,0.22
0.164188076721137,2.725,0.22
0.164188076599428,2.7275,0.22
0.164188076479407,2.73,0.22
0.16418807636105,2.7325,0.22
0.164188076244335,2.735,0.22
0.164188076129239,2.7375,0.22
0.16418807601574,2.74,0.22
0.164188075903814,2.7425,0.22
0.164188075793441,2.745,0.22
0.164188075684599,2.7475,0.22
0.164188075577266,2.75,0.22
0.164188075471422,2.7525,0.22
0.164188075367046,2.755,0.22
0.164188075264117,2.7575,0.22
0.164188075162615,2.76,0.22
0.164188075062521,2.7625,0.22
0.164188074963816,2.765,0.22
0.164188074866478,2.7675,0.22
0.164188074770491,2.77,0.22
0.164188074675835,2.7725,0.22
0.164188074582491,2.775,0.22
0.164188074490441,2.7775,0.22
0.164188074399668,2.78,0.22
0.164188074310153,2.7825,0.22
0.16418807422188,2.785,0.22
0.16418807413483,2.7875,0.22
0.164188074048987,2.79,0.22
0.164188073964335,2.7925,0.22
0.164188073880856,2.795,0.22
0.164188073798534,2.7975,0.22
0.164188073717353,2.8,0.22
0.164188073637298,2.8025,0.22
0.164188073558353,2.805,0.22
0.164188073480502,2.8075,0.22
0.16418807340373,2.81,0.22
0.164188073328022,2.8125,0.22
0.164188073253364,2.815,0.22
0.16418807317974,2.8175,0.22
0.164188073107137,2.82,0.22
0.16418807303554,2.8225,0.22
0.164188072964936,2.825,0.22
0.164188072895309,2.8275,0.22
0.164188072826648,2.83,0.22
0.164188072758939,2.8325,0.22
0.164188072692168,2.835,0.22
0.164188072626322,2.8375,0.22
0.164188072561388,2.84,0.22
0.164188072497354,2.8425,0.22
0.164188072434208,2.845,0.22
0.164188072371936,2.8475,0.22
0.164188072310528,2.85,0.22
0.16418807224997,2.8525,0.22
0.164188072190251,2.855,0.22
0.164188072131359,2.8575,0.22
0.164188072073284,2.86,0.22
0.164188072016012,2.8625,0.22
0.164188071959535,2.865,0.22
0.164188071903839,2.8675,0.22
0.164188071848915,2.87,0.22
0.164188071794752,2.8725,0.22
0.164188071741339,2.875,0.22
0.164188071688666,2.8775,0.22
0.164188071636722,2.88,0.22
0.164188071585498,2.8825,0.22
0.164188071534983,2.885,0.22
0.164188071485168,2.8875,0.22
0.164188071436042,2.89,0.22
0.164188071387597,2.8925,0.22
0.164188071339823,2.895,0.22
0.16418807129271,2.8975,0.22
0.164188071246249,2.9,0.22
0.164188071200432,2.9025,0.22
0.164188071155249,2.905,0.22
0.164188071110691,2.9075,0.22
0.16418807106675,2.91,0.22
0.164188071023418,2.9125,0.22
0.164188070980685,2.915,0.22
0.164188070938544,2.9175,0.22
0.164188070896986,2.92,0.22
0.164188070856003,2.9225,0.22
0.164188070815587,2.925,0.22
0.164188070775731,2.9275,0.22
0.164188070736426,2.93,0.22
0.164188070697665,2.9325,0.22
0.164188070659441,2.935,0.22
0.164188070621745,2.9375,0.22
0.164188070584571,2.94,0.22
0.164188070547911,2.9425,0.22
0.164188070511758,2.945,0.22
0.164188070476105,2.9475,0.22
0.164188070440946,2.95,0.22
0.164188070406273,2.9525,0.22
0.164188070372079,2.955,0.22
0.164188070338359,2.9575,0.22
0.164188070305104,2.96,0.22
0.16418807027231,2.9625,0.22
0.164188070239969,2.965,0.22
0.164188070208075,2.9675,0.22
0.164188070176622,2.97,0.22
0.164188070145604,2.9725,0.22
0.164188070115015,2.975,0.22
0.164188070084848,2.9775,0.22
0.164188070055099,2.98,0.22
0.164188070025761,2.9825,0.22
0.164188069996828,2.985,0.22
0.164188069968295,2.9875,0.22
0.164188069940157,2.99,0.22
0.164188069912407,2.9925,0.22
0.164188069885041,2.995,0.22
0.164188069858052,2.9975,0.22
0.164188069831437,3,0.22
0.164188069805189,3.0025,0.22
0.164188069779304,3.005,0.22
0.164188069753777,3.0075,0.22
0.164188069728602,3.01,0.22
0.164188069703774,3.0125,0.22
0.16418806967929,3.015,0.22
0.164188069655143,3.0175,0.22
0.16418806963133,3.02,0.22
0.164188069607846,3.0225,0.22
0.164188069584686,3.025,0.22
0.164188069561845,3.0275,0.22
0.16418806953932,3.03,0.22
0.164188069517106,3.0325,0.22
0.164188069495198,3.035,0.22
0.164188069473592,3.0375,0.22
0.164188069452285,3.04,0.22
0.164188069431272,3.0425,0.22
0.164188069410548,3.045,0.22
0.164188069390111,3.0475,0.22
0.164188069369955,3.05,0.22
0.164188069350077,3.0525,0.22
0.164188069330474,3.055,0.22
0.16418806931114,3.0575,0.22
0.164188069292074,3.06,0.22
0.16418806927327,3.0625,0.22
0.164188069254725,3.065,0.22
0.164188069236436,3.0675,0.22
0.164188069218399,3.07,0.22
0.16418806920061,3.0725,0.22
0.164188069183067,3.075,0.22
0.164188069165765,3.0775,0.22
0.164188069148702,3.08,0.22
0.164188069131873,3.0825,0.22
0.164188069115277,3.085,0.22
0.164188069098909,3.0875,0.22
0.164188069082766,3.09,0.22
0.164188069066846,3.0925,0.22
0.164188069051145,3.095,0.22
0.16418806903566,3.0975,0.22
0.164188069020388,3.1,0.22
0.164188069005326,3.1025,0.22
0.164188068990472,3.105,0.22
0.164188068975822,3.1075,0.22
0.164188068961373,3.11,0.22
0.164188068947123,3.1125,0.22
0.164188068933069,3.115,0.22
0.164188068919209,3.1175,0.22
0.164188068905539,3.12,0.22
0.164188068892056,3.1225,0.22
0.16418806887876,3.125,0.22
0.164188068865646,3.1275,0.22
0.164188068852712,3.13,0.22
0.164188068839955,3.1325,0.22
0.164188068827375,3.135,0.22
0.164188068814966,3.1375,0.22
0.164188068802729,3.14,0.22
0.164188068790659,3.1425,0.22
0.164188068778755,3.145,0.22
0.164188068767014,3.1475,0.22
0.164188068755435,3.15,0.22
0.164188068744014,3.1525,0.22
0.16418806873275,3.155,0.22
0.164188068721641,3.1575,0.22
0.164188068710684,3.16,0.22
0.164188068699877,3.1625,0.22
0.164188068689219,3.165,0.22
0.164188068678706,3.1675,0.22
0.164188068668338,3.17,0.22
0.164188068658112,3.1725,0.22
0.164188068648025,3.175,0.22
0.164188068638077,3.1775,0.22
0.164188068628266,3.18,0.22
0.164188068618588,3.1825,0.22
0.164188068609043,3.185,0.22
0.164188068599629,3.1875,0.22
0.164188068590344,3.19,0.22
0.164188068581185,3.1925,0.22
0.164188068572152,3.195,0.22
0.164188068563243,3.1975,0.22
0.164188068554455,3.2,0.22
0.164188068545788,3.2025,0.22
0.164188068537238,3.205,0.22
0.164188068528806,3.2075,0.22
0.164188068520489,3.21,0.22
0.164188068512286,3.2125,0.22
0.164188068504194,3.215,0.22
0.164188068496213,3.2175,0.22
0.164188068488341,3.22,0.22
0.164188068480577,3.2225,0.22
0.164188068472918,3.225,0.22
0.164188068465364,3.2275,0.22
0.164188068457913,3.23,0.22
0.164188068450564,3.2325,0.22
0.164188068443314,3.235,0.22
0.164188068436164,3.2375,0.22
0.16418806842911,3.24,0.22
0.164188068422153,3.2425,0.22
0.164188068415291,3.245,0.22
0.164188068408522,3.2475,0.22
0.164188068401845,3.25,0.22
0.16418806839526,3.2525,0.22
0.164188068388763,3.255,0.22
0.164188068382355,3.2575,0.22
0.164188068376034,3.26,0.22
0.164188068369799,3.2625,0.22
0.164188068363649,3.265,0.22
0.164188068357582,3.2675,0.22
0.164188068351598,3.27,0.22
0.164188068345695,3.2725,0.22
0.164188068339872,3.275,0.22
0.164188068334127,3.2775,0.22
0.164188068328461,3.28,0.22
0.164188068322872,3.2825,0.22
0.164188068317358,3.285,0.22
0.164188068311919,3.2875,0.22
0.164188068306554,3.29,0.22
0.164188068301261,3.2925,0.22
0.16418806829604,3.295,0.22
0.16418806829089,3.2975,0.22
0.164188068285809,3.3,0.22
0.164188068280797,3.3025,0.22
0.164188068275853,3.305,0.22
0.164188068270976,3.3075,0.22
0.164188068266164,3.31,0.22
0.164188068261418,3.3125,0.22
0.164188068256735,3.315,0.22
0.164188068252116,3.3175,0.22
0.164188068247558,3.32,0.22
0.164188068243063,3.3225,0.22
0.164188068238628,3.325,0.22
0.164188068234252,3.3275,0.22
0.164188068229936,3.33,0.22
0.164188068225678,3.3325,0.22
0.164188068221477,3.335,0.22
0.164188068217332,3.3375,0.22
0.164188068213243,3.34,0.22
0.164188068209209,3.3425,0.22
0.16418806820523,3.345,0.22
0.164188068201303,3.3475,0.22
0.16418806819743,3.35,0.22
0.164188068193608,3.3525,0.22
0.164188068189837,3.355,0.22
0.164188068186118,3.3575,0.22
0.164188068182448,3.36,0.22
0.164188068178827,3.3625,0.22
0.164188068175254,3.365,0.22
0.164188068171729,3.3675,0.22
0.164188068168251,3.37,0.22
0.16418806816482,3.3725,0.22
0.164188068161435,3.375,0.22
0.164188068158094,3.3775,0.22
0.164188068154799,3.38,0.22
0.164188068151547,3.3825,0.22
0.164188068148339,3.385,0.22
0.164188068145173,3.3875,0.22
0.164188068142049,3.39,0.22
0.164188068138967,3.3925,0.22
0.164188068135926,3.395,0.22
0.164188068132926,3.3975,0.22
0.164188068129965,3.4,0.22
0.164188068127043,3.4025,0.22
0.16418806812416,3.405,0.22
0.164188068121316,3.4075,0.22
0.164188068118509,3.41,0.22
0.164188068115739,3.4125,0.22
0.164188068113006,3.415,0.22
0.164188068110309,3.4175,0.22
0.164188068107648,3.42,0.22
0.164188068105022,3.4225,0.22
0.16418806810243,3.425,0.22
0.164188068099873,3.4275,0.22
0.164188068097349,3.43,0.22
0.164188068094859,3.4325,0.22
0.164188068092401,3.435,0.22
0.164188068089976,3.4375,0.22
0.164188068087582,3.44,0.22
0.16418806808522,3.4425,0.22
0.164188068082889,3.445,0.22
0.164188068080589,3.4475,0.22
0.164188068078319,3.45,0.22
0.164188068076078,3.4525,0.22
0.164188068073867,3.455,0.22
0.164188068071685,3.4575,0.22
0.164188068069531,3.46,0.22
0.164188068067405,3.4625,0.22
0.164188068065307,3.465,0.22
0.164188068063236,3.4675,0.22
0.164188068061193,3.47,0.22
0.164188068059176,3.4725,0.22
0.164188068057185,3.475,0.22
0.16418806805522,3.4775,0.22
0.16418806805328,3.48,0.22
0.164188068051366,3.4825,0.22
0.164188068049477,3.485,0.22
0.164188068047612,3.4875,0.22
0.164188068045771,3.49,0.22
0.164188068043953,3.4925,0.22
0.16418806804216,3.495,0.22
0.164188068040389,3.4975,0.22
0.164188068038641,3.5,0.22
0.164188068036916,3.5025,0.22
0.164188068035213,3.505,0.22
0.164188068033532,3.5075,0.22
0.164188068031872,3.51,0.22
0.164188068030234,3.5125,0.22
0.164188068028616,3.515,0.22
0.16418806802702,3.5175,0.22
0.164188068025443,3.52,0.22
0.164188068023887,3.5225,0.22
0.164188068022351,3.525,0.22
0.164188068020834,3.5275,0.22
0.164188068019337,3.53,0.22
0.164188068017858,3.5325,0.22
0.164188068016399,3.535,0.22
0.164188068014958,3.5375,0.22
0.164188068013535,3.54,0.22
0.16418806801213,3.5425,0.22
0.164188068010743,3.545,0.22
0.164188068009373,3.5475,0.22
0.164188068008021,3.55,0.22
0.164188068006685,3.5525,0.22
0.164188068005367,3.555,0.22
0.164188068004065,3.5575,0.22
0.164188068002779,3.56,0.22
0.16418806800151,3.5625,0.22
0.164188068000257,3.565,0.22
0.164188067999019,3.5675,0.22
0.164188067997796,3.57,0.22
0.164188067996589,3.5725,0.22
0.164188067995397,3.575,0.22
0.16418806799422,3.5775,0.22
0.164188067993057,3.58,0.22
0.164188067991908,3.5825,0.22
0.164188067990774,3.585,0.22
0.164188067989654,3.5875,0.22
0.164188067988548,3.59,0.22
0.164188067987455,3.5925,0.22
0.164188067986376,3.595,0.22
0.16418806798531,3.5975,0.22
0.164188067984258,3.6,0.22
0.164188067983218,3.6025,0.22
0.164188067982191,3.605,0.22
0.164188067981176,3.6075,0.22
0.164188067980174,3.61,0.22
0.164188067979184,3.6125,0.22
0.164188067978206,3.615,0.22
0.16418806797724,3.6175,0.22
0.164188067976285,3.62,0.22
0.164188067975343,3.6225,0.22
0.164188067974411,3.625,0.22
0.164188067973491,3.6275,0.22
0.164188067972582,3.63,0.22
0.164188067971684,3.6325,0.22
0.164188067970797,3.635,0.22
0.16418806796992,3.6375,0.22
0.164188067969054,3.64,0.22
0.164188067968198,3.6425,0.22
0.164188067967353,3.645,0.22
0.164188067966517,3.6475,0.22
0.164188067965692,3.65,0.22
0.164188067964876,3.6525,0.22
0.16418806796407,3.655,0.22
0.164188067963273,3.6575,0.22
0.164188067962486,3.66,0.22
0.164188067961708,3.6625,0.22
0.164188067960939,3.665,0.22
0.164188067960179,3.6675,0.22
0.164188067959429,3.67,0.22
0.164188067958686,3.6725,0.22
0.164188067957953,3.675,0.22
0.164188067957228,3.6775,0.22
0.164188067956511,3.68,0.22
0.164188067955803,3.6825,0.22
0.164188067955103,3.685,0.22
0.164188067954411,3.6875,0.22
0.164188067953727,3.69,0.22
0.164188067953051,3.6925,0.22
0.164188067952383,3.695,0.22
0.164188067951722,3.6975,0.22
0.164188067951069,3.7,0.22
0.164188067950424,3.7025,0.22
0.164188067949785,3.705,0.22
0.164188067949154,3.7075,0.22
0.16418806794853,3.71,0.22
0.164188067947914,3.7125,0.22
0.164188067947304,3.715,0.22
0.164188067946701,3.7175,0.22
0.164188067946104,3.72,0.22
0.164188067945515,3.7225,0.22
0.164188067944932,3.725,0.22
0.164188067944355,3.7275,0.22
0.164188067943785,3.73,0.22
0.164188067943221,3.7325,0.22
0.164188067942663,3.735,0.22
0.164188067942112,3.7375,0.22
0.164188067941567,3.74,0.22
0.164188067941027,3.7425,0.22
0.164188067940494,3.745,0.22
0.164188067939966,3.7475,0.22
0.164188067939444,3.75,0.22
0.164188067938928,3.7525,0.22
0.164188067938417,3.755,0.22
0.164188067937912,3.7575,0.22
0.164188067937412,3.76,0.22
0.164188067936918,3.7625,0.22
0.164188067936429,3.765,0.22
0.164188067935945,3.7675,0.22
0.164188067935466,3.77,0.22
0.164188067934993,3.7725,0.22
0.164188067934524,3.775,0.22
0.164188067934061,3.7775,0.22
0.164188067933602,3.78,0.22
0.164188067933148,3.7825,0.22
0.164188067932699,3.785,0.22
0.164188067932255,3.7875,0.22
0.164188067931815,3.79,0.22
0.16418806793138,3.7925,0.22
0.164188067930949,3.795,0.22
0.164188067930523,3.7975,0.22
0.164188067930101,3.8,0.22
0.164188067929684,3.8025,0.22
0.164188067929271,3.805,0.22
0.164188067928862,3.8075,0.22
0.164188067928457,3.81,0.22
0.164188067928056,3.8125,0.22
0.164188067927659,3.815,0.22
0.164188067927267,3.8175,0.22
0.164188067926878,3.82,0.22
0.164188067926493,3.8225,0.22
0.164188067926112,3.825,0.22
0.164188067925735,3.8275,0.22
0.164188067925362,3.83,0.22
0.164188067924992,3.8325,0.22
0.164188067924627,3.835,0.22
0.164188067924264,3.8375,0.22
0.164188067923906,3.84,0.22
0.16418806792355,3.8425,0.22
0.164188067923198,3.845,0.22
0.16418806792285,3.8475,0.22
0.164188067922505,3.85,0.22
0.164188067922164,3.8525,0.22
0.164188067921825,3.855,0.22
0.16418806792149,3.8575,0.22
0.164188067921159,3.86,0.22
0.16418806792083,3.8625,0.22
0.164188067920504,3.865,0.22
0.164188067920182,3.8675,0.22
0.164188067919862,3.87,0.22
0.164188067919546,3.8725,0.22
0.164188067919233,3.875,0.22
0.164188067918922,3.8775,0.22
0.164188067918615,3.88,0.22
0.16418806791831,3.8825,0.22
0.164188067918008,3.885,0.22
0.164188067917709,3.8875,0.22
0.164188067917413,3.89,0.22
0.164188067917119,3.8925,0.22
0.164188067916828,3.895,0.22
0.16418806791654,3.8975,0.22
0.164188067916254,3.9,0.22
0.164188067915971,3.9025,0.22
0.164188067915691,3.905,0.22
0.164188067915413,3.9075,0.22
0.164188067915137,3.91,0.22
0.164188067914864,3.9125,0.22
0.164188067914593,3.915,0.22
0.164188067914325,3.9175,0.22
0.164188067914059,3.92,0.22
0.164188067913796,3.9225,0.22
0.164188067913535,3.925,0.22
0.164188067913276,3.9275,0.22
0.164188067913019,3.93,0.22
0.164188067912765,3.9325,0.22
0.164188067912513,3.935,0.22
0.164188067912263,3.9375,0.22
0.164188067912015,3.94,0.22
0.164188067911769,3.9425,0.22
0.164188067911526,3.945,0.22
0.164188067911284,3.9475,0.22
0.164188067911045,3.95,0.22
0.164188067910807,3.9525,0.22
0.164188067910572,3.955,0.22
0.164188067910338,3.9575,0.22
0.164188067910107,3.96,0.22
0.164188067909877,3.9625,0.22
0.16418806790965,3.965,0.22
0.164188067909424,3.9675,0.22
0.1641880679092,3.97,0.22
0.164188067908978,3.9725,0.22
0.164188067908758,3.975,0.22
0.16418806790854,3.9775,0.22
0.164188067908324,3.98,0.22
0.164188067908109,3.9825,0.22
0.164188067907896,3.985,0.22
0.164188067907684,3.9875,0.22
0.164188067907475,3.99,0.22
0.164188067907267,3.9925,0.22
0.164188067907061,3.995,0.22
0.164188067906856,3.9975,0.22
0.164188067906653,4,0.22
0.164188067906452,4.0025,0.22
0.164188067906252,4.005,0.22
0.164188067906054,4.0075,0.22
0.164188067905858,4.01,0.22
0.164188067905663,4.0125,0.22
0.164188067905469,4.015,0.22
0.164188067905277,4.0175,0.22
0.164188067905087,4.02,0.22
0.164188067904898,4.0225,0.22
0.164188067904711,4.025,0.22
0.164188067904525,4.0275,0.22
0.16418806790434,4.03,0.22
0.164188067904157,4.0325,0.22
0.164188067903975,4.035,0.22
0.164188067903795,4.0375,0.22
0.164188067903616,4.04,0.22
0.164188067903438,4.0425,0.22
0.164188067903262,4.045,0.22
0.164188067903087,4.0475,0.22
0.164188067902914,4.05,0.22
0.164188067902742,4.0525,0.22
0.164188067902571,4.055,0.22
0.164188067902401,4.0575,0.22
0.164188067902233,4.06,0.22
0.164188067902066,4.0625,0.22
0.1641880679019,4.065,0.22
0.164188067901736,4.0675,0.22
0.164188067901572,4.07,0.22
0.16418806790141,4.0725,0.22
0.16418806790125,4.075,0.22
0.16418806790109,4.0775,0.22
0.164188067900932,4.08,0.22
0.164188067900774,4.0825,0.22
0.164188067900618,4.085,0.22
0.164188067900464,4.0875,0.22
0.16418806790031,4.09,0.22
0.164188067900157,4.0925,0.22
0.164188067900006,4.095,0.22
0.164188067899856,4.0975,0.22
0.164188067899707,4.1,0.22
0.164188067899558,4.1025,0.22
0.164188067899412,4.105,0.22
0.164188067899266,4.1075,0.22
0.164188067899121,4.11,0.22
0.164188067898977,4.1125,0.22
0.164188067898835,4.115,0.22
0.164188067898693,4.1175,0.22
0.164188067898553,4.12,0.22
0.164188067898413,4.1225,0.22
0.164188067898275,4.125,0.22
0.164188067898138,4.1275,0.22
0.164188067898001,4.13,0.22
0.164188067897866,4.1325,0.22
0.164188067897732,4.135,0.22
0.164188067897598,4.1375,0.22
0.164188067897466,4.14,0.22
0.164188067897335,4.1425,0.22
0.164188067897204,4.145,0.22
0.164188067897075,4.1475,0.22
0.164188067896946,4.15,0.22
0.164188067896819,4.1525,0.22
0.164188067896692,4.155,0.22
0.164188067896567,4.1575,0.22
0.164188067896442,4.16,0.22
0.164188067896319,4.1625,0.22
0.164188067896196,4.165,0.22
0.164188067896074,4.1675,0.22
0.164188067895953,4.17,0.22
0.164188067895833,4.1725,0.22
0.164188067895714,4.175,0.22
0.164188067895596,4.1775,0.22
0.164188067895479,4.18,0.22
0.164188067895363,4.1825,0.22
0.164188067895247,4.185,0.22
0.164188067895133,4.1875,0.22
0.164188067895019,4.19,0.22
0.164188067894906,4.1925,0.22
0.164188067894794,4.195,0.22
0.164188067894683,4.1975,0.22
0.164188067894573,4.2,0.22
0.164188067894464,4.2025,0.22
0.164188067894356,4.205,0.22
0.164188067894248,4.2075,0.22
0.164188067894142,4.21,0.22
0.164188067894036,4.2125,0.22
0.164188067893931,4.215,0.22
0.164188067893827,4.2175,0.22
0.164188067893724,4.22,0.22
0.164188067893621,4.2225,0.22
0.16418806789352,4.225,0.22
0.164188067893419,4.2275,0.22
0.164188067893319,4.23,0.22
0.16418806789322,4.2325,0.22
0.164188067893122,4.235,0.22
0.164188067893025,4.2375,0.22
0.164188067892928,4.24,0.22
0.164188067892833,4.2425,0.22
0.164188067892738,4.245,0.22
0.164188067892644,4.2475,0.22
0.16418806789255,4.25,0.22
0.164188067892458,4.2525,0.22
0.164188067892367,4.255,0.22
0.164188067892276,4.2575,0.22
0.164188067892186,4.26,0.22
0.164188067892097,4.2625,0.22
0.164188067892009,4.265,0.22
0.164188067891921,4.2675,0.22
0.164188067891834,4.27,0.22
0.164188067891749,4.2725,0.22
0.164188067891664,4.275,0.22
0.16418806789158,4.2775,0.22
0.164188067891496,4.28,0.22
0.164188067891414,4.2825,0.22
0.164188067891332,4.285,0.22
0.164188067891251,4.2875,0.22
0.164188067891171,4.29,0.22
0.164188067891092,4.2925,0.22
0.164188067891013,4.295,0.22
0.164188067890935,4.2975,0.22
0.164188067890858,4.3,0.22
0.164188067890782,4.3025,0.22
0.164188067890707,4.305,0.22
0.164188067890633,4.3075,0.22
0.164188067890559,4.31,0.22
0.164188067890486,4.3125,0.22
0.164188067890414,4.315,0.22
0.164188067890343,4.3175,0.22
0.164188067890273,4.32,0.22
0.164188067890203,4.3225,0.22
0.164188067890134,4.325,0.22
0.164188067890066,4.3275,0.22
0.164188067889999,4.33,0.22
0.164188067889933,4.3325,0.22
0.164188067889867,4.335,0.22
0.164188067889803,4.3375,0.22
0.164188067889739,4.34,0.22
0.164188067889676,4.3425,0.22
0.164188067889614,4.345,0.22
0.164188067889552,4.3475,0.22
0.164188067889492,4.35,0.22
0.164188067889432,4.3525,0.22
0.164188067889373,4.355,0.22
0.164188067889315,4.3575,0.22
0.164188067889257,4.36,0.22
0.164188067889201,4.3625,0.22
0.164188067889145,4.365,0.22
0.164188067889091,4.3675,0.22
0.164188067889037,4.37,0.22
0.164188067888984,4.3725,0.22
0.164188067888932,4.375,0.22
0.16418806788888,4.3775,0.22
0.16418806788883,4.38,0.22
0.16418806788878,4.3825,0.22
0.164188067888731,4.385,0.22
0.164188067888683,4.3875,0.22
0.164188067888636,4.39,0.22
0.16418806788859,4.3925,0.22
0.164188067888544,4.395,0.22
0.1641880678885,4.3975,0.22
0.164188067888456,4.4,0.22
0.164188067888413,4.4025,0.22
0.164188067888371,4.405,0.22
0.16418806788833,4.4075,0.22
0.16418806788829,4.41,0.22
0.16418806788825,4.4125,0.22
0.164188067888212,4.415,0.22
0.164188067888174,4.4175,0.22
0.164188067888138,4.42,0.22
0.164188067888102,4.4225,0.22
0.164188067888067,4.425,0.22
0.164188067888033,4.4275,0.22
0.164188067888,4.43,0.22
0.164188067887968,4.4325,0.22
0.164188067887936,4.435,0.22
0.164188067887906,4.4375,0.22
0.164188067887876,4.44,0.22
0.164188067887848,4.4425,0.22
0.16418806788782,4.445,0.22
0.164188067887793,4.4475,0.22
0.164188067887767,4.45,0.22
0.164188067887742,4.4525,0.22
0.164188067887718,4.455,0.22
0.164188067887695,4.4575,0.22
0.164188067887673,4.46,0.22
0.164188067887652,4.4625,0.22
0.164188067887632,4.465,0.22
0.164188067887612,4.4675,0.22
0.164188067887594,4.47,0.22
0.164188067887577,4.4725,0.22
0.16418806788756,4.475,0.22
0.164188067887545,4.4775,0.22
0.16418806788753,4.48,0.22
0.164188067887517,4.4825,0.22
0.164188067887504,4.485,0.22
0.164188067887493,4.4875,0.22
0.164188067887482,4.49,0.22
0.164188067887472,4.4925,0.22
0.164188067887464,4.495,0.22
0.164188067887456,4.4975,0.22
0.16418806788745,4.5,0.22
0.164188067887444,4.5025,0.22
0.164188067887439,4.505,0.22
0.164188067887436,4.5075,0.22
0.164188067887434,4.51,0.22
0.164188067887432,4.5125,0.22
0.164188067887432,4.515,0.22
0.164188067887432,4.5175,0.22
0.164188067887434,4.52,0.22
0.164188067887437,4.5225,0.22
0.164188067887441,4.525,0.22
0.164188067887446,4.5275,0.22
0.164188067887452,4.53,0.22
0.164188067887459,4.5325,0.22
0.164188067887467,4.535,0.22
0.164188067887476,4.5375,0.22
0.164188067887486,4.54,0.22
0.164188067887498,4.5425,0.22
0.16418806788751,4.545,0.22
0.164188067887524,4.5475,0.22
0.164188067887539,4.55,0.22
0.164188067887554,4.5525,0.22
0.164188067887571,4.555,0.22
0.16418806788759,4.5575,0.22
0.164188067887609,4.56,0.22
0.164188067887629,4.5625,0.22
0.164188067887651,4.565,0.22
0.164188067887673,4.5675,0.22
0.164188067887697,4.57,0.22
0.164188067887722,4.5725,0.22
0.164188067887749,4.575,0.22
0.164188067887776,4.5775,0.22
0.164188067887805,4.58,0.22
0.164188067887834,4.5825,0.22
0.164188067887865,4.585,0.22
0.164188067887898,4.5875,0.22
0.164188067887931,4.59,0.22
0.164188067887966,4.5925,0.22
0.164188067888002,4.595,0.22
0.164188067888039,4.5975,0.22
0.164188067888078,4.6,0.22
0.164188067888118,4.6025,0.22
0.164188067888159,4.605,0.22
0.164188067888201,4.6075,0.22
0.164188067888245,4.61,0.22
0.16418806788829,4.6125,0.22
0.164188067888336,4.615,0.22
0.164188067888384,4.6175,0.22
0.164188067888433,4.62,0.22
0.164188067888483,4.6225,0.22
0.164188067888535,4.625,0.22
0.164188067888587,4.6275,0.22
0.164188067888642,4.63,0.22
0.164188067888697,4.6325,0.22
0.164188067888754,4.635,0.22
0.164188067888813,4.6375,0.22
0.164188067888873,4.64,0.22
0.164188067888934,4.6425,0.22
0.164188067888996,4.645,0.22
0.16418806788906,4.6475,0.22
0.164188067889126,4.65,0.22
0.164188067889193,4.6525,0.22
0.164188067889261,4.655,0.22
0.164188067889331,4.6575,0.22
0.164188067889402,4.66,0.22
0.164188067889474,4.6625,0.22
0.164188067889549,4.665,0.22
0.164188067889624,4.6675,0.22
0.164188067889701,4.67,0.22
0.16418806788978,4.6725,0.22
0.16418806788986,4.675,0.22
0.164188067889941,4.6775,0.22
0.164188067890024,4.68,0.22
0.164188067890109,4.6825,0.22
0.164188067890195,4.685,0.22
0.164188067890282,4.6875,0.22
0.164188067890372,4.69,0.22
0.164188067890462,4.6925,0.22
0.164188067890555,4.695,0.22
0.164188067890649,4.6975,0.22
0.164188067890744,4.7,0.22
0.164188067890841,4.7025,0.22
0.16418806789094,4.705,0.22
0.16418806789104,4.7075,0.22
0.164188067891142,4.71,0.22
0.164188067891246,4.7125,0.22
0.164188067891351,4.715,0.22
0.164188067891458,4.7175,0.22
0.164188067891566,4.72,0.22
0.164188067891677,4.7225,0.22
0.164188067891789,4.725,0.22
0.164188067891902,4.7275,0.22
0.164188067892018,4.73,0.22
0.164188067892135,4.7325,0.22
0.164188067892254,4.735,0.22
0.164188067892375,4.7375,0.22
0.164188067892497,4.74,0.22
0.164188067892621,4.7425,0.22
0.164188067892747,4.745,0.22
0.164188067892875,4.7475,0.22
0.164188067893004,4.75,0.22
0.164188067893136,4.7525,0.22
0.164188067893269,4.755,0.22
0.164188067893404,4.7575,0.22
0.164188067893541,4.76,0.22
0.16418806789368,4.7625,0.22
0.16418806789382,4.765,0.22
0.164188067893963,4.7675,0.22
0.164188067894107,4.77,0.22
0.164188067894254,4.7725,0.22
0.164188067894402,4.775,0.22
0.164188067894552,4.7775,0.22
0.164188067894705,4.78,0.22
0.164188067894859,4.7825,0.22
0.164188067895015,4.785,0.22
0.164188067895173,4.7875,0.22
0.164188067895333,4.79,0.22
0.164188067895496,4.7925,0.22
0.16418806789566,4.795,0.22
0.164188067895826,4.7975,0.22
0.164188067895994,4.8,0.22
0.164188067896165,4.8025,0.22
0.164188067896337,4.805,0.22
0.164188067896512,4.8075,0.22
0.164188067896688,4.81,0.22
0.164188067896867,4.8125,0.22
0.164188067897048,4.815,0.22
0.164188067897231,4.8175,0.22
0.164188067897416,4.82,0.22
0.164188067897604,4.8225,0.22
0.164188067897793,4.825,0.22
0.164188067897985,4.8275,0.22
0.164188067898179,4.83,0.22
0.164188067898375,4.8325,0.22
0.164188067898573,4.835,0.22
0.164188067898774,4.8375,0.22
0.164188067898977,4.84,0.22
0.164188067899182,4.8425,0.22
0.16418806789939,4.845,0.22
0.1641880678996,4.8475,0.22
0.164188067899812,4.85,0.22
0.164188067900026,4.8525,0.22
0.164188067900243,4.855,0.22
0.164188067900463,4.8575,0.22
0.164188067900684,4.86,0.22
0.164188067900909,4.8625,0.22
0.164188067901135,4.865,0.22
0.164188067901364,4.8675,0.22
0.164188067901596,4.87,0.22
0.16418806790183,4.8725,0.22
0.164188067902066,4.875,0.22
0.164188067902305,4.8775,0.22
0.164188067902547,4.88,0.22
0.164188067902791,4.8825,0.22
0.164188067903037,4.885,0.22
0.164188067903286,4.8875,0.22
0.164188067903538,4.89,0.22
0.164188067903793,4.8925,0.22
0.16418806790405,4.895,0.22
0.16418806790431,4.8975,0.22
0.164188067904572,4.9,0.22
0.164188067904837,4.9025,0.22
0.164188067905105,4.905,0.22
0.164188067905376,4.9075,0.22
0.164188067905649,4.91,0.22
0.164188067905925,4.9125,0.22
0.164188067906204,4.915,0.22
0.164188067906485,4.9175,0.22
0.16418806790677,4.92,0.22
0.164188067907057,4.9225,0.22
0.164188067907347,4.925,0.22
0.16418806790764,4.9275,0.22
0.164188067907936,4.93,0.22
0.164188067908234,4.9325,0.22
0.164188067908536,4.935,0.22
0.16418806790884,4.9375,0.22
0.164188067909148,4.94,0.22
0.164188067909458,4.9425,0.22
0.164188067909772,4.945,0.22
0.164188067910088,4.9475,0.22
0.164188067910408,4.95,0.22
0.164188067910731,4.9525,0.22
0.164188067911056,4.955,0.22
0.164188067911385,4.9575,0.22
0.164188067911717,4.96,0.22
0.164188067912052,4.9625,0.22
0.16418806791239,4.965,0.22
0.164188067912731,4.9675,0.22
0.164188067913076,4.97,0.22
0.164188067913424,4.9725,0.22
0.164188067913775,4.975,0.22
0.164188067914129,4.9775,0.22
0.164188067914487,4.98,0.22
0.164188067914847,4.9825,0.22
0.164188067915211,4.985,0.22
0.164188067915579,4.9875,0.22
0.16418806791595,4.99,0.22
0.164188067916324,4.9925,0.22
0.164188067916702,4.995,0.22
0.164188067917083,4.9975,0.22
0.164188067917467,5,0.22
0.164188067917855,5.0025,0.22
0.164188067918247,5.005,0.22
0.164188067918642,5.0075,0.22
0.164188067919041,5.01,0.22
0.164188067919443,5.0125,0.22
0.164188067919848,5.015,0.22
0.164188067920258,5.0175,0.22
0.164188067920671,5.02,0.22
0.164188067921087,5.0225,0.22
0.164188067921508,5.025,0.22
0.164188067921932,5.0275,0.22
0.16418806792236,5.03,0.22
0.164188067922791,5.0325,0.22
0.164188067923227,5.035,0.22
0.164188067923666,5.0375,0.22
0.164188067924109,5.04,0.22
0.164188067924556,5.0425,0.22
0.164188067925007,5.045,0.22
0.164188067925461,5.0475,0.22
0.16418806792592,5.05,0.22
0.164188067926383,5.0525,0.22
0.164188067926849,5.055,0.22
0.16418806792732,5.0575,0.22
0.164188067927795,5.06,0.22
0.164188067928273,5.0625,0.22
0.164188067928756,5.065,0.22
0.164188067929243,5.0675,0.22
0.164188067929735,5.07,0.22
0.16418806793023,5.0725,0.22
0.164188067930729,5.075,0.22
0.164188067931233,5.0775,0.22
0.164188067931741,5.08,0.22
0.164188067932254,5.0825,0.22
0.164188067932771,5.085,0.22
0.164188067933292,5.0875,0.22
0.164188067933817,5.09,0.22
0.164188067934347,5.0925,0.22
0.164188067934882,5.095,0.22
0.16418806793542,5.0975,0.22
0.164188067935964,5.1,0.22
0.164188067936512,5.1025,0.22
0.164188067937064,5.105,0.22
0.164188067937621,5.1075,0.22
0.164188067938183,5.11,0.22
0.164188067938749,5.1125,0.22
0.16418806793932,5.115,0.22
0.164188067939896,5.1175,0.22
0.164188067940476,5.12,0.22
0.164188067941061,5.1225,0.22
0.164188067941651,5.125,0.22
0.164188067942246,5.1275,0.22
0.164188067942846,5.13,0.22
0.164188067943451,5.1325,0.22
0.16418806794406,5.135,0.22
0.164188067944675,5.1375,0.22
0.164188067945294,5.14,0.22
0.164188067945919,5.1425,0.22
0.164188067946549,5.145,0.22
0.164188067947183,5.1475,0.22
0.164188067947823,5.15,0.22
0.164188067948468,5.1525,0.22
0.164188067949119,5.155,0.22
0.164188067949774,5.1575,0.22
0.164188067950435,5.16,0.22
0.164188067951101,5.1625,0.22
0.164188067951773,5.165,0.22
0.16418806795245,5.1675,0.22
0.164188067953132,5.17,0.22
0.164188067953819,5.1725,0.22
0.164188067954513,5.175,0.22
0.164188067955211,5.1775,0.22
0.164188067955916,5.18,0.22
0.164188067956625,5.1825,0.22
0.164188067957341,5.185,0.22
0.164188067958062,5.1875,0.22
0.164188067958789,5.19,0.22
0.164188067959521,5.1925,0.22
0.16418806796026,5.195,0.22
0.164188067961004,5.1975,0.22
0.164188067961754,5.2,0.22
0.16418806796251,5.2025,0.22
0.164188067963272,5.205,0.22
0.16418806796404,5.2075,0.22
0.164188067964814,5.21,0.22
0.164188067965594,5.2125,0.22
0.16418806796638,5.215,0.22
0.164188067967173,5.2175,0.22
0.164188067967971,5.22,0.22
0.164188067968775,5.2225,0.22
0.164188067969586,5.225,0.22
0.164188067970403,5.2275,0.22
0.164188067971227,5.23,0.22
0.164188067972057,5.2325,0.22
0.164188067972893,5.235,0.22
0.164188067973736,5.2375,0.22
0.164188067974585,5.24,0.22
0.164188067975441,5.2425,0.22
0.164188067976304,5.245,0.22
0.164188067977173,5.2475,0.22
0.164188067978049,5.25,0.22
0.164188067978932,5.2525,0.22
0.164188067979821,5.255,0.22
0.164188067980717,5.2575,0.22
0.164188067981621,5.26,0.22
0.16418806798253,5.2625,0.22
0.164188067983447,5.265,0.22
0.164188067984371,5.2675,0.22
0.164188067985302,5.27,0.22
0.164188067986241,5.2725,0.22
0.164188067987186,5.275,0.22
0.164188067988139,5.2775,0.22
0.164188067989098,5.28,0.22
0.164188067990065,5.2825,0.22
0.16418806799104,5.285,0.22
0.164188067992022,5.2875,0.22
0.164188067993011,5.29,0.22
0.164188067994008,5.2925,0.22
0.164188067995012,5.295,0.22
0.164188067996023,5.2975,0.22
0.164188067997043,5.3,0.22
0.16418806799807,5.3025,0.22
0.164188067999105,5.305,0.22
0.164188068000147,5.3075,0.22
0.164188068001198,5.31,0.22
0.164188068002256,5.3125,0.22
0.164188068003323,5.315,0.22
0.164188068004397,5.3175,0.22
0.16418806800548,5.32,0.22
0.16418806800657,5.3225,0.22
0.164188068007669,5.325,0.22
0.164188068008776,5.3275,0.22
0.164188068009891,5.33,0.22
0.164188068011014,5.3325,0.22
0.164188068012146,5.335,0.22
0.164188068013287,5.3375,0.22
0.164188068014435,5.34,0.22
0.164188068015593,5.3425,0.22
0.164188068016759,5.345,0.22
0.164188068017933,5.3475,0.22
0.164188068019117,5.35,0.22
0.164188068020309,5.3525,0.22
0.16418806802151,5.355,0.22
0.16418806802272,5.3575,0.22
0.164188068023938,5.36,0.22
0.164188068025166,5.3625,0.22
0.164188068026403,5.365,0.22
0.164188068027649,5.3675,0.22
0.164188068028904,5.37,0.22
0.164188068030169,5.3725,0.22
0.164188068031443,5.375,0.22
0.164188068032726,5.3775,0.22
0.164188068034019,5.38,0.22
0.164188068035321,5.3825,0.22
0.164188068036632,5.385,0.22
0.164188068037954,5.3875,0.22
0.164188068039285,5.39,0.22
0.164188068040626,5.3925,0.22
0.164188068041976,5.395,0.22
0.164188068043337,5.3975,0.22
0.164188068044708,5.4,0.22
0.164188068046088,5.4025,0.22
0.164188068047479,5.405,0.22
0.16418806804888,5.4075,0.22
0.164188068050291,5.41,0.22
0.164188068051712,5.4125,0.22
0.164188068053144,5.415,0.22
0.164188068054586,5.4175,0.22
0.164188068056039,5.42,0.22
0.164188068057502,5.4225,0.22
0.164188068058976,5.425,0.22
0.16418806806046,5.4275,0.22
0.164188068061956,5.43,0.22
0.164188068063462,5.4325,0.22
0.164188068064979,5.435,0.22
0.164188068066507,5.4375,0.22
0.164188068068047,5.44,0.22
0.164188068069597,5.4425,0.22
0.164188068071159,5.445,0.22
0.164188068072732,5.4475,0.22
0.164188068074316,5.45,0.22
0.164188068075912,5.4525,0.22
0.164188068077519,5.455,0.22
0.164188068079138,5.4575,0.22
0.164188068080769,5.46,0.22
0.164188068082411,5.4625,0.22
0.164188068084065,5.465,0.22
0.164188068085731,5.4675,0.22
0.164188068087409,5.47,0.22
0.164188068089099,5.4725,0.22
0.164188068090802,5.475,0.22
0.164188068092516,5.4775,0.22
0.164188068094243,5.48,0.22
0.164188068095982,5.4825,0.22
0.164188068097734,5.485,0.22
0.164188068099498,5.4875,0.22
0.164188068101275,5.49,0.22
0.164188068103065,5.4925,0.22
0.164188068104867,5.495,0.22
0.164188068106683,5.4975,0.22
0.164188068108511,5.5,0.22
0.164188068110353,5.5025,0.22
0.164188068112208,5.505,0.22
0.164188068114076,5.5075,0.22
0.164188068115957,5.51,0.22
0.164188068117851,5.5125,0.22
0.16418806811976,5.515,0.22
0.164188068121681,5.5175,0.22
0.164188068123617,5.52,0.22
0.164188068125566,5.5225,0.22
0.164188068127529,5.525,0.22
0.164188068129506,5.5275,0.22
0.164188068131497,5.53,0.22
0.164188068133503,5.5325,0.22
0.164188068135522,5.535,0.22
0.164188068137556,5.5375,0.22
0.164188068139605,5.54,0.22
0.164188068141668,5.5425,0.22
0.164188068143745,5.545,0.22
0.164188068145838,5.5475,0.22
0.164188068147945,5.55,0.22
0.164188068150067,5.5525,0.22
0.164188068152204,5.555,0.22
0.164188068154356,5.5575,0.22
0.164188068156524,5.56,0.22
0.164188068158707,5.5625,0.22
0.164188068160905,5.565,0.22
0.164188068163119,5.5675,0.22
0.164188068165348,5.57,0.22
0.164188068167594,5.5725,0.22
0.164188068169855,5.575,0.22
0.164188068172132,5.5775,0.22
0.164188068174425,5.58,0.22
0.164188068176734,5.5825,0.22
0.16418806817906,5.585,0.22
0.164188068181402,5.5875,0.22
0.16418806818376,5.59,0.22
0.164188068186136,5.5925,0.22
0.164188068188527,5.595,0.22
0.164188068190936,5.5975,0.22
0.164188068193362,5.6,0.22
0.164188068195805,5.6025,0.22
0.164188068198265,5.605,0.22
0.164188068200742,5.6075,0.22
0.164188068203236,5.61,0.22
0.164188068205749,5.6125,0.22
0.164188068208278,5.615,0.22
0.164188068210826,5.6175,0.22
0.164188068213391,5.62,0.22
0.164188068215975,5.6225,0.22
0.164188068218576,5.625,0.22
0.164188068221196,5.6275,0.22
0.164188068223834,5.63,0.22
0.164188068226491,5.6325,0.22
0.164188068229166,5.635,0.22
0.16418806823186,5.6375,0.22
0.164188068234573,5.64,0.22
0.164188068237305,5.6425,0.22
0.164188068240056,5.645,0.22
0.164188068242826,5.6475,0.22
0.164188068245616,5.65,0.22
0.164188068248425,5.6525,0.22
0.164188068251254,5.655,0.22
0.164188068254102,5.6575,0.22
0.164188068256971,5.66,0.22
0.164188068259859,5.6625,0.22
0.164188068262767,5.665,0.22
0.164188068265696,5.6675,0.22
0.164188068268646,5.67,0.22
0.164188068271615,5.6725,0.22
0.164188068274606,5.675,0.22
0.164188068277617,5.6775,0.22
0.16418806828065,5.68,0.22
0.164188068283703,5.6825,0.22
0.164188068286778,5.685,0.22
0.164188068289874,5.6875,0.22
0.164188068292992,5.69,0.22
0.164188068296131,5.6925,0.22
0.164188068299292,5.695,0.22
0.164188068302476,5.6975,0.22
0.164188068305681,5.7,0.22
0.164188068308909,5.7025,0.22
0.164188068312159,5.705,0.22
0.164188068315431,5.7075,0.22
0.164188068318727,5.71,0.22
0.164188068322045,5.7125,0.22
0.164188068325386,5.715,0.22
0.164188068328751,5.7175,0.22
0.164188068332138,5.72,0.22
0.16418806833555,5.7225,0.22
0.164188068338985,5.725,0.22
0.164188068342443,5.7275,0.22
0.164188068345926,5.73,0.22
0.164188068349433,5.7325,0.22
0.164188068352964,5.735,0.22
0.16418806835652,5.7375,0.22
0.1641880683601,5.74,0.22
0.164188068363705,5.7425,0.22
0.164188068367335,5.745,0.22
0.16418806837099,5.7475,0.22
0.16418806837467,5.75,0.22
0.164188068378376,5.7525,0.22
0.164188068382108,5.755,0.22
0.164188068385865,5.7575,0.22
0.164188068389648,5.76,0.22
0.164188068393458,5.7625,0.22
0.164188068397293,5.765,0.22
0.164188068401156,5.7675,0.22
0.164188068405044,5.77,0.22
0.16418806840896,5.7725,0.22
0.164188068412903,5.775,0.22
0.164188068416873,5.7775,0.22
0.16418806842087,5.78,0.22
0.164188068424895,5.7825,0.22
0.164188068428948,5.785,0.22
0.164188068433029,5.7875,0.22
0.164188068437138,5.79,0.22
0.164188068441275,5.7925,0.22
0.16418806844544,5.795,0.22
0.164188068449635,5.7975,0.22
0.164188068453858,5.8,0.22
0.16418806845811,5.8025,0.22
0.164188068462392,5.805,0.22
0.164188068466703,5.8075,0.22
0.164188068471044,5.81,0.22
0.164188068475414,5.8125,0.22
0.164188068479815,5.815,0.22
0.164188068484246,5.8175,0.22
0.164188068488708,5.82,0.22
0.1641880684932,5.8225,0.22
0.164188068497723,5.825,0.22
0.164188068502277,5.8275,0.22
0.164188068506863,5.83,0.22
0.16418806851148,5.8325,0.22
0.164188068516129,5.835,0.22
0.164188068520809,5.8375,0.22
0.164188068525522,5.84,0.22
0.164188068530268,5.8425,0.22
0.164188068535045,5.845,0.22
0.164188068539856,5.8475,0.22
0.1641880685447,5.85,0.22
0.164188068549577,5.8525,0.22
0.164188068554487,5.855,0.22
0.164188068559431,5.8575,0.22
0.164188068564409,5.86,0.22
0.164188068569422,5.8625,0.22
0.164188068574468,5.865,0.22
0.16418806857955,5.8675,0.22
0.164188068584666,5.87,0.22
0.164188068589817,5.8725,0.22
0.164188068595003,5.875,0.22
0.164188068600226,5.8775,0.22
0.164188068605483,5.88,0.22
0.164188068610777,5.8825,0.22
0.164188068616107,5.885,0.22
0.164188068621474,5.8875,0.22
0.164188068626877,5.89,0.22
0.164188068632318,5.8925,0.22
0.164188068637796,5.895,0.22
0.164188068643311,5.8975,0.22
0.164188068648864,5.9,0.22
0.164188068654455,5.9025,0.22
0.164188068660084,5.905,0.22
0.164188068665752,5.9075,0.22
0.164188068671458,5.91,0.22
0.164188068677204,5.9125,0.22
0.164188068682989,5.915,0.22
0.164188068688813,5.9175,0.22
0.164188068694678,5.92,0.22
0.164188068700582,5.9225,0.22
0.164188068706527,5.925,0.22
0.164188068712512,5.9275,0.22
0.164188068718539,5.93,0.22
0.164188068724606,5.9325,0.22
0.164188068730715,5.935,0.22
0.164188068736866,5.9375,0.22
0.164188068743059,5.94,0.22
0.164188068749294,5.9425,0.22
0.164188068755572,5.945,0.22
0.164188068761893,5.9475,0.22
0.164188068768256,5.95,0.22
0.164188068774664,5.9525,0.22
0.164188068781114,5.955,0.22
0.16418806878761,5.9575,0.22
0.164188068794149,5.96,0.22
0.164188068800733,5.9625,0.22
0.164188068807362,5.965,0.22
0.164188068814036,5.9675,0.22
0.164188068820756,5.97,0.22
0.164188068827521,5.9725,0.22
0.164188068834333,5.975,0.22
0.164188068841191,5.9775,0.22
0.164188068848096,5.98,0.22
0.164188068855048,5.9825,0.22
0.164188068862048,5.985,0.22
0.164188068869095,5.9875,0.22
0.16418806887619,5.99,0.22
0.164188068883334,5.9925,0.22
0.164188068890526,5.995,0.22
0.164188068897768,5.9975,0.22
0.164188068905058,6,0.22
0.164188068912399,6.0025,0.22
0.164188068919789,6.005,0.22
0.16418806892723,6.0075,0.22
0.164188068934722,6.01,0.22
0.164188068942264,6.0125,0.22
0.164188068949858,6.015,0.22
0.164188068957504,6.0175,0.22
0.164188068965201,6.02,0.22
0.164188068972951,6.0225,0.22
0.164188068980754,6.025,0.22
0.16418806898861,6.0275,0.22
0.16418806899652,6.03,0.22
0.164188069004483,6.0325,0.22
0.164188069012501,6.035,0.22
0.164188069020573,6.0375,0.22
0.1641880690287,6.04,0.22
0.164188069036883,6.0425,0.22
0.164188069045121,6.045,0.22
0.164188069053415,6.0475,0.22
0.164188069061765,6.05,0.22
0.164188069070173,6.0525,0.22
0.164188069078638,6.055,0.22
0.16418806908716,6.0575,0.22
0.16418806909574,6.06,0.22
0.164188069104379,6.0625,0.22
0.164188069113076,6.065,0.22
0.164188069121832,6.0675,0.22
0.164188069130648,6.07,0.22
0.164188069139524,6.0725,0.22
0.164188069148461,6.075,0.22
0.164188069157458,6.0775,0.22
0.164188069166516,6.08,0.22
0.164188069175636,6.0825,0.22
0.164188069184818,6.085,0.22
0.164188069194062,6.0875,0.22
0.164188069203369,6.09,0.22
0.164188069212739,6.0925,0.22
0.164188069222173,6.095,0.22
0.164188069231671,6.0975,0.22
0.164188069241234,6.1,0.22
0.164188069250862,6.1025,0.22
0.164188069260555,6.105,0.22
0.164188069270314,6.1075,0.22
0.164188069280139,6.11,0.22
0.164188069290031,6.1125,0.22
0.16418806929999,6.115,0.22
0.164188069310016,6.1175,0.22
0.164188069320111,6.12,0.22
0.164188069330275,6.1225,0.22
0.164188069340507,6.125,0.22
0.164188069350809,6.1275,0.22
0.164188069361181,6.13,0.22
0.164188069371623,6.1325,0.22
0.164188069382136,6.135,0.22
0.164188069392721,6.1375,0.22
0.164188069403377,6.14,0.22
0.164188069414106,6.1425,0.22
0.164188069424908,6.145,0.22
0.164188069435782,6.1475,0.22
0.164188069446731,6.15,0.22
0.164188069457754,6.1525,0.22
0.164188069468852,6.155,0.22
0.164188069480025,6.1575,0.22
0.164188069491274,6.16,0.22
0.1641880695026,6.1625,0.22
0.164188069514002,6.165,0.22
0.164188069525481,6.1675,0.22
0.164188069537039,6.17,0.22
0.164188069548674,6.1725,0.22
0.164188069560389,6.175,0.22
0.164188069572184,6.1775,0.22
0.164188069584058,6.18,0.22
0.164188069596013,6.1825,0.22
0.164188069608049,6.185,0.22
0.164188069620166,6.1875,0.22
0.164188069632366,6.19,0.22
0.164188069644648,6.1925,0.22
0.164188069657014,6.195,0.22
0.164188069669464,6.1975,0.22
0.164188069681998,6.2,0.22
0.164188069694617,6.2025,0.22
0.164188069707322,6.205,0.22
0.164188069720112,6.2075,0.22
0.16418806973299,6.21,0.22
0.164188069745955,6.2125,0.22
0.164188069759008,6.215,0.22
0.164188069772149,6.2175,0.22
0.164188069785379,6.22,0.22
0.164188069798699,6.2225,0.22
0.164188069812109,6.225,0.22
0.164188069825611,6.2275,0.22
0.164188069839203,6.23,0.22
0.164188069852888,6.2325,0.22
0.164188069866666,6.235,0.22
0.164188069880537,6.2375,0.22
0.164188069894502,6.24,0.22
0.164188069908562,6.2425,0.22
0.164188069922717,6.245,0.22
0.164188069936967,6.2475,0.22
0.164188069951315,6.25,0.22
0.16418806996576,6.2525,0.22
0.164188069980302,6.255,0.22
0.164188069994943,6.2575,0.22
0.164188070009684,6.26,0.22
0.164188070024524,6.2625,0.22
0.164188070039465,6.265,0.22
0.164188070054507,6.2675,0.22
0.16418807006965,6.27,0.22
0.164188070084897,6.2725,0.22
0.164188070100247,6.275,0.22
0.164188070115701,6.2775,0.22
0.164188070131259,6.28,0.22
0.164188070146923,6.2825,0.22
0.164188070162693,6.285,0.22
0.16418807017857,6.2875,0.22
0.164188070194554,6.29,0.22
0.164188070210647,6.2925,0.22
0.164188070226849,6.295,0.22
0.16418807024316,6.2975,0.22
0.164188070259582,6.3,0.22
0.164188070276115,6.3025,0.22
0.16418807029276,6.305,0.22
0.164188070309518,6.3075,0.22
0.16418807032639,6.31,0.22
0.164188070343375,6.3125,0.22
0.164188070360476,6.315,0.22
0.164188070377692,6.3175,0.22
0.164188070395026,6.32,0.22
0.164188070412476,6.3225,0.22
0.164188070430045,6.325,0.22
0.164188070447733,6.3275,0.22
0.16418807046554,6.33,0.22
0.164188070483468,6.3325,0.22
0.164188070501518,6.335,0.22
0.164188070519689,6.3375,0.22
0.164188070537984,6.34,0.22
0.164188070556403,6.3425,0.22
0.164188070574946,6.345,0.22
0.164188070593615,6.3475,0.22
0.164188070612411,6.35,0.22
0.164188070631333,6.3525,0.22
0.164188070650384,6.355,0.22
0.164188070669564,6.3575,0.22
0.164188070688874,6.36,0.22
0.164188070708314,6.3625,0.22
0.164188070727886,6.365,0.22
0.164188070747591,6.3675,0.22
0.164188070767429,6.37,0.22
0.164188070787401,6.3725,0.22
0.164188070807508,6.375,0.22
0.164188070827752,6.3775,0.22
0.164188070848133,6.38,0.22
0.164188070868652,6.3825,0.22
0.164188070889309,6.385,0.22
0.164188070910107,6.3875,0.22
0.164188070931045,6.39,0.22
0.164188070952125,6.3925,0.22
0.164188070973348,6.395,0.22
0.164188070994714,6.3975,0.22
0.164188071016225,6.4,0.22
0.164188071037882,6.4025,0.22
0.164188071059685,6.405,0.22
0.164188071081636,6.4075,0.22
0.164188071103736,6.41,0.22
0.164188071125985,6.4125,0.22
0.164188071148385,6.415,0.22
0.164188071170936,6.4175,0.22
0.16418807119364,6.42,0.22
0.164188071216498,6.4225,0.22
0.164188071239511,6.425,0.22
0.164188071262679,6.4275,0.22
0.164188071286004,6.43,0.22
0.164188071309487,6.4325,0.22
0.164188071333129,6.435,0.22
0.164188071356931,6.4375,0.22
0.164188071380894,6.44,0.22
0.16418807140502,6.4425,0.22
0.164188071429308,6.445,0.22
0.164188071453762,6.4475,0.22
0.16418807147838,6.45,0.22
0.164188071503166,6.4525,0.22
0.164188071528119,6.455,0.22
0.164188071553241,6.4575,0.22
0.164188071578533,6.46,0.22
0.164188071603996,6.4625,0.22
0.164188071629632,6.465,0.22
0.164188071655441,6.4675,0.22
0.164188071681426,6.47,0.22
0.164188071707585,6.4725,0.22
0.164188071733922,6.475,0.22
0.164188071760438,6.4775,0.22
0.164188071787133,6.48,0.22
0.164188071814008,6.4825,0.22
0.164188071841066,6.485,0.22
0.164188071868306,6.4875,0.22
0.164188071895731,6.49,0.22
0.164188071923342,6.4925,0.22
0.16418807195114,6.495,0.22
0.164188071979125,6.4975,0.22
0.164188072007301,6.5,0.22
0.164188072035667,6.5025,0.22
0.164188072064225,6.505,0.22
0.164188072092976,6.5075,0.22
0.164188072121922,6.51,0.22
0.164188072151064,6.5125,0.22
0.164188072180403,6.515,0.22
0.164188072209941,6.5175,0.22
0.164188072239679,6.52,0.22
0.164188072269618,6.5225,0.22
0.16418807229976,6.525,0.22
0.164188072330106,6.5275,0.22
0.164188072360658,6.53,0.22
0.164188072391416,6.5325,0.22
0.164188072422382,6.535,0.22
0.164188072453559,6.5375,0.22
0.164188072484946,6.54,0.22
0.164188072516545,6.5425,0.22
0.164188072548359,6.545,0.22
0.164188072580388,6.5475,0.22
0.164188072612634,6.55,0.22
0.164188072645098,6.5525,0.22
0.164188072677782,6.555,0.22
0.164188072710688,6.5575,0.22
0.164188072743816,6.56,0.22
0.164188072777168,6.5625,0.22
0.164188072810747,6.565,0.22
0.164188072844552,6.5675,0.22
0.164188072878587,6.57,0.22
0.164188072912852,6.5725,0.22
0.164188072947349,6.575,0.22
0.16418807298208,6.5775,0.22
0.164188073017045,6.58,0.22
0.164188073052248,6.5825,0.22
0.164188073087689,6.585,0.22
0.16418807312337,6.5875,0.22
0.164188073159292,6.59,0.22
0.164188073195458,6.5925,0.22
0.164188073231869,6.595,0.22
0.164188073268526,6.5975,0.22
0.164188073305432,6.6,0.22
0.164188073342587,6.6025,0.22
0.164188073379994,6.605,0.22
0.164188073417655,6.6075,0.22
0.16418807345557,6.61,0.22
0.164188073493742,6.6125,0.22
0.164188073532173,6.615,0.22
0.164188073570864,6.6175,0.22
0.164188073609817,6.62,0.22
0.164188073649034,6.6225,0.22
0.164188073688516,6.625,0.22
0.164188073728266,6.6275,0.22
0.164188073768285,6.63,0.22
0.164188073808576,6.6325,0.22
0.164188073849139,6.635,0.22
0.164188073889976,6.6375,0.22
0.164188073931091,6.64,0.22
0.164188073972484,6.6425,0.22
0.164188074014157,6.645,0.22
0.164188074056112,6.6475,0.22
