radius,time,R0
0.199989767341151,0,0.2
0.199989767341151,0,0.2
0.19610621907266,0.0025,0.2
0.19452053261897,0.005,0.2
0.193162921324127,0.0075,0.2
0.191913509631367,0.01,0.2
0.190739863742639,0.0125,0.2
0.189618068046778,0.015,0.2
0.188535140194706,0.0175,0.2
0.187484383594158,0.02,0.2
0.186464640981959,0.0225,0.2
0.185472134500617,0.025,0.2
0.184499248686192,0.0275,0.2
0.18354884363911,0.03,0.2
0.182617565708905,0.0325,0.2
0.181699965459471,0.035,0.2
0.180800714120224,0.0375,0.2
0.179920675107567,0.04,0.2
0.179056695559235,0.0425,0.2
0.17821033499456,0.045,0.2
0.17737241257243,0.0475,0.2
0.17655251823155,0.05,0.2
0.175746059662891,0.0525,0.2
0.17495211351089,0.055,0.2
0.174169058843882,0.0575,0.2
0.173402048790487,0.06,0.2
0.172644499423723,0.0625,0.2
0.171898139851371,0.065,0.2
0.171164281795173,0.0675,0.2
0.170440173411502,0.07,0.2
0.169727757865587,0.0725,0.2
0.1690295986085,0.075,0.2
0.168340177930145,0.0775,0.2
0.167658144388648,0.08,0.2
0.166987032613043,0.0825,0.2
0.166322201175067,0.085,0.2
0.165670486418038,0.0875,0.2
0.165022865960796,0.09,0.2
0.164385496818951,0.0925,0.2
0.163758137999677,0.095,0.2
0.163140761918632,0.0975,0.2
0.162529628096744,0.1,0.2
0.161927418461104,0.1025,0.2
0.161335035708755,0.105,0.2
0.16074637812082,0.1075,0.2
0.160162262246321,0.11,0.2
0.159588101612467,0.1125,0.2
0.159020434253453,0.115,0.2
0.158460753959632,0.1175,0.2
0.157907757726046,0.12,0.2
0.157357516948997,0.1225,0.2
0.156814745317167,0.125,0.2
0.156267634163291,0.1275,0.2
0.155751843370176,0.13,0.2
0.155227314837306,0.1325,0.2
0.154708900445263,0.135,0.2
0.154197105950212,0.1375,0.2
0.153690339044395,0.14,0.2
0.153186300086037,0.1425,0.2
0.152688218724637,0.145,0.2
0.152197493392337,0.1475,0.2
0.151713025128859,0.15,0.2
0.151229161518722,0.1525,0.2
0.150751369320807,0.155,0.2
0.150278058697924,0.1575,0.2
0.149804320395965,0.16,0.2
0.149339081120944,0.1625,0.2
0.148874950212337,0.165,0.2
0.14840627192258,0.1675,0.2
0.147965744295642,0.17,0.2
0.14751629213044,0.1725,0.2
0.147071008318813,0.175,0.2
0.146629763944192,0.1775,0.2
0.146192164844169,0.18,0.2
0.145757397670143,0.1825,0.2
0.14532508229579,0.185,0.2
0.144896642501625,0.1875,0.2
0.144472809524639,0.19,0.2
0.144052422644022,0.1925,0.2
0.143631320455261,0.195,0.2
0.143211845292396,0.1975,0.2
0.14279686761577,0.2,0.2
0.142384156287342,0.2025,0.2
0.141973909395616,0.205,0.2
0.141570016972253,0.2075,0.2
0.141166022867412,0.21,0.2
0.140767175883358,0.2125,0.2
0.14036754097092,0.215,0.2
0.139971059848777,0.2175,0.2
0.139577105929419,0.22,0.2
0.139185270466506,0.2225,0.2
0.138795830020549,0.225,0.2
0.13840825481124,0.2275,0.2
0.138020636152039,0.23,0.2
0.137635398013013,0.2325,0.2
0.137253459517003,0.235,0.2
0.136874535436317,0.2375,0.2
0.136496949890657,0.24,0.2
0.136116670651299,0.2425,0.2
0.135738305786589,0.245,0.2
0.13536351580265,0.2475,0.2
0.134991865828721,0.25,0.2
0.134619034012555,0.2525,0.2
0.13424740991034,0.255,0.2
0.133879613251324,0.2575,0.2
0.133509862750147,0.26,0.2
0.133141190422221,0.2625,0.2
0.132760649630274,0.265,0.2
0.132405985853304,0.2675,0.2
0.132039783281834,0.27,0.2
0.131675719344568,0.2725,0.2
0.131313570962588,0.275,0.2
0.13095216494044,0.2775,0.2
0.130590094859514,0.28,0.2
0.130229012595129,0.2825,0.2
0.129868792923417,0.285,0.2
0.129509312918248,0.2875,0.2
0.129150179390003,0.29,0.2
0.12878970715206,0.2925,0.2
0.12842804241071,0.295,0.2
0.12806720239665,0.2975,0.2
0.127707393235517,0.3,0.2
0.127349088603774,0.3025,0.2
0.126988066214916,0.305,0.2
0.126626011176739,0.3075,0.2
0.126266594636335,0.31,0.2
0.125904425873016,0.3125,0.2
0.125540448479907,0.315,0.2
0.12517870763461,0.3175,0.2
0.124804839567501,0.32,0.2
0.124455115671085,0.3225,0.2
0.124094076776524,0.325,0.2
0.123733121232265,0.3275,0.2
0.12336925721251,0.33,0.2
0.123002986761421,0.3325,0.2
0.122636727124008,0.335,0.2
0.122270036360807,0.3375,0.2
0.121901419027008,0.34,0.2
0.121531637178333,0.3425,0.2
0.121158988607731,0.345,0.2
0.120783978028099,0.3475,0.2
0.120409164223667,0.35,0.2
0.120034737671787,0.3525,0.2
0.11966008048549,0.355,0.2
0.119280947131961,0.3575,0.2
0.11889741260009,0.36,0.2
0.118513481959278,0.3625,0.2
0.118126381056667,0.365,0.2
0.117737916697625,0.3675,0.2
0.117336852424948,0.37,0.2
0.116957757532985,0.3725,0.2
0.116563946460911,0.375,0.2
0.116167166449712,0.3775,0.2
0.115765117348241,0.38,0.2
0.115359723579781,0.3825,0.2
0.114951439371273,0.385,0.2
0.114541106858298,0.3875,0.2
0.114129070370349,0.39,0.2
0.113712983301215,0.3925,0.2
0.113291372551604,0.395,0.2
0.112866696664611,0.3975,0.2
0.112438889793017,0.4,0.2
0.112007075392154,0.4025,0.2
0.111565818627397,0.405,0.2
0.111118809413559,0.4075,0.2
0.110670206056455,0.41,0.2
0.110212774284577,0.4125,0.2
0.109750885966005,0.415,0.2
0.109274396444863,0.4175,0.2
0.108818908778033,0.42,0.2
0.108339558291606,0.4225,0.2
0.107853023165528,0.425,0.2
0.10736176915263,0.4275,0.2
0.106865331864266,0.43,0.2
0.106361801108218,0.4325,0.2
0.10584507930347,0.435,0.2
0.105319719381794,0.4375,0.2
0.104786519995953,0.44,0.2
0.104241050920589,0.4425,0.2
0.103682591063079,0.445,0.2
0.103118811440809,0.4475,0.2
0.102544099433332,0.45,0.2
0.101956658128116,0.4525,0.2
0.101345587963913,0.455,0.2
0.100742349084718,0.4575,0.2
0.100114730711711,0.46,0.2
0.0994725928021586,0.4625,0.2
0.0988139150337582,0.465,0.2
0.0981344763784047,0.4675,0.2
0.0974374369163008,0.47,0.2
0.0967234203546758,0.4725,0.2
0.0959837634974644,0.475,0.2
0.0952280558552974,0.4775,0.2
0.0944399528808987,0.48,0.2
0.093607916388185,0.4825,0.2
0.0927802288283745,0.485,0.2
0.0919132439166708,0.4875,0.2
0.0910089700088469,0.49,0.2
0.0900616712871908,0.4925,0.2
0.0890804461521429,0.495,0.2
0.088041706927794,0.4975,0.2
0.0869540745359976,0.5,0.2
0.0857951348106765,0.5025,0.2
0.0846166613711309,0.505,0.2
0.083335480490259,0.5075,0.2
0.0819736354565463,0.51,0.2
0.0805129435353711,0.5125,0.2
0.0789373601720997,0.515,0.2
0.0772381622237805,0.5175,0.2
0.0753594476064801,0.52,0.2
0.0732931605491819,0.5225,0.2
0.0709548341740114,0.525,0.2
0.0682793544489968,0.5275,0.2
0.065114079421714,0.53,0.2
0.0612098880150295,0.5325,0.2
0.0559607609072051,0.535,0.2
0.047333762293606,0.5375,0.2
NaN,0.54,0.2
NaN,0.5425,0.2
NaN,0.545,0.2
NaN,0.5475,0.2
NaN,0.55,0.2
NaN,0.5525,0.2
NaN,0.555,0.2
NaN,0.5575,0.2
NaN,0.56,0.2
NaN,0.5625,0.2
NaN,0.565,0.2
NaN,0.5675,0.2
NaN,0.57,0.2
NaN,0.5725,0.2
NaN,0.575,0.2
NaN,0.5775,0.2
NaN,0.58,0.2
NaN,0.5825,0.2
NaN,0.585,0.2
NaN,0.5875,0.2
NaN,0.59,0.2
NaN,0.5925,0.2
NaN,0.595,0.2
NaN,0.5975,0.2
NaN,0.6,0.2
NaN,0.6025,0.2
NaN,0.605,0.2
NaN,0.6075,0.2
NaN,0.61,0.2
NaN,0.6125,0.2
NaN,0.615,0.2
NaN,0.6175,0.2
NaN,0.62,0.2
NaN,0.6225,0.2
NaN,0.625,0.2
NaN,0.6275,0.2
NaN,0.63,0.2
NaN,0.6325,0.2
NaN,0.635,0.2
NaN,0.6375,0.2
NaN,0.64,0.2
NaN,0.6425,0.2
NaN,0.645,0.2
NaN,0.6475,0.2
NaN,0.65,0.2
NaN,0.6525,0.2
NaN,0.655,0.2
NaN,0.6575,0.2
NaN,0.66,0.2
NaN,0.6625,0.2
NaN,0.665,0.2
NaN,0.6675,0.2
NaN,0.67,0.2
NaN,0.6725,0.2
NaN,0.675,0.2
NaN,0.6775,0.2
NaN,0.68,0.2
NaN,0.6825,0.2
NaN,0.685,0.2
NaN,0.6875,0.2
NaN,0.69,0.2
NaN,0.6925,0.2
NaN,0.695,0.2
NaN,0.6975,0.2
NaN,0.7,0.2
NaN,0.7025,0.2
NaN,0.705,0.2
NaN,0.7075,0.2
NaN,0.71,0.2
NaN,0.7125,0.2
NaN,0.715,0.2
NaN,0.7175,0.2
NaN,0.72,0.2
NaN,0.7225,0.2
NaN,0.725,0.2
NaN,0.7275,0.2
NaN,0.73,0.2
NaN,0.7325,0.2
NaN,0.735,0.2
NaN,0.7375,0.2
NaN,0.74,0.2
NaN,0.7425,0.2
NaN,0.745,0.2
NaN,0.7475,0.2
NaN,0.75,0.2
NaN,0.7525,0.2
NaN,0.755,0.2
NaN,0.7575,0.2
NaN,0.76,0.2
NaN,0.7625,0.2
NaN,0.765,0.2
NaN,0.7675,0.2
NaN,0.77,0.2
NaN,0.7725,0.2
NaN,0.775,0.2
NaN,0.7775,0.2
NaN,0.78,0.2
NaN,0.7825,0.2
NaN,0.785,0.2
NaN,0.7875,0.2
NaN,0.79,0.2
NaN,0.7925,0.2
NaN,0.795,0.2
NaN,0.7975,0.2
NaN,0.8,0.2
NaN,0.8025,0.2
NaN,0.805,0.2
NaN,0.8075,0.2
NaN,0.81,0.2
NaN,0.8125,0.2
NaN,0.815,0.2
NaN,0.8175,0.2
NaN,0.82,0.2
NaN,0.8225,0.2
NaN,0.825,0.2
NaN,0.8275,0.2
NaN,0.83,0.2
NaN,0.8325,0.2
NaN,0.835,0.2
NaN,0.8375,0.2
NaN,0.84,0.2
NaN,0.8425,0.2
NaN,0.845,0.2
NaN,0.8475,0.2
NaN,0.85,0.2
NaN,0.8525,0.2
NaN,0.855,0.2
NaN,0.8575,0.2
NaN,0.86,0.2
NaN,0.8625,0.2
NaN,0.865,0.2
NaN,0.8675,0.2
NaN,0.87,0.2
NaN,0.8725,0.2
NaN,0.875,0.2
NaN,0.8775,0.2
NaN,0.88,0.2
NaN,0.8825,0.2
NaN,0.885,0.2
NaN,0.8875,0.2
NaN,0.89,0.2
NaN,0.8925,0.2
NaN,0.895,0.2
NaN,0.8975,0.2
NaN,0.9,0.2
NaN,0.9025,0.2
NaN,0.905,0.2
NaN,0.9075,0.2
NaN,0.91,0.2
NaN,0.9125,0.2
NaN,0.915,0.2
NaN,0.9175,0.2
NaN,0.92,0.2
NaN,0.9225,0.2
NaN,0.925,0.2
NaN,0.9275,0.2
NaN,0.93,0.2
NaN,0.9325,0.2
NaN,0.935,0.2
NaN,0.9375,0.2
NaN,0.94,0.2
NaN,0.9425,0.2
NaN,0.945,0.2
NaN,0.9475,0.2
NaN,0.95,0.2
NaN,0.9525,0.2
NaN,0.955,0.2
NaN,0.9575,0.2
NaN,0.96,0.2
NaN,0.9625,0.2
NaN,0.965,0.2
NaN,0.9675,0.2
NaN,0.97,0.2
NaN,0.9725,0.2
NaN,0.975,0.2
NaN,0.9775,0.2
NaN,0.98,0.2
NaN,0.9825,0.2
NaN,0.985,0.2
NaN,0.9875,0.2
NaN,0.99,0.2
NaN,0.9925,0.2
NaN,0.995,0.2
NaN,0.9975,0.2
NaN,1,0.2
NaN,1.0025,0.2
NaN,1.005,0.2
NaN,1.0075,0.2
NaN,1.01,0.2
NaN,1.0125,0.2
NaN,1.015,0.2
NaN,1.0175,0.2
NaN,1.02,0.2
NaN,1.0225,0.2
NaN,1.025,0.2
NaN,1.0275,0.2
NaN,1.03,0.2
NaN,1.0325,0.2
NaN,1.035,0.2
NaN,1.0375,0.2
NaN,1.04,0.2
NaN,1.0425,0.2
NaN,1.045,0.2
NaN,1.0475,0.2
NaN,1.05,0.2
NaN,1.0525,0.2
NaN,1.055,0.2
NaN,1.0575,0.2
NaN,1.06,0.2
NaN,1.0625,0.2
NaN,1.065,0.2
NaN,1.0675,0.2
NaN,1.07,0.2
NaN,1.0725,0.2
NaN,1.075,0.2
NaN,1.0775,0.2
NaN,1.08,0.2
NaN,1.0825,0.2
NaN,1.085,0.2
NaN,1.0875,0.2
NaN,1.09,0.2
NaN,1.0925,0.2
NaN,1.095,0.2
NaN,1.0975,0.2
NaN,1.1,0.2
NaN,1.1025,0.2
NaN,1.105,0.2
NaN,1.1075,0.2
NaN,1.11,0.2
NaN,1.1125,0.2
NaN,1.115,0.2
NaN,1.1175,0.2
NaN,1.12,0.2
NaN,1.1225,0.2
NaN,1.125,0.2
NaN,1.1275,0.2
NaN,1.13,0.2
NaN,1.1325,0.2
NaN,1.135,0.2
NaN,1.1375,0.2
NaN,1.14,0.2
NaN,1.1425,0.2
NaN,1.145,0.2
NaN,1.1475,0.2
NaN,1.15,0.2
NaN,1.1525,0.2
NaN,1.155,0.2
NaN,1.1575,0.2
NaN,1.16,0.2
NaN,1.1625,0.2
NaN,1.165,0.2
NaN,1.1675,0.2
NaN,1.17,0.2
NaN,1.1725,0.2
NaN,1.175,0.2
NaN,1.1775,0.2
NaN,1.18,0.2
NaN,1.1825,0.2
NaN,1.185,0.2
NaN,1.1875,0.2
NaN,1.19,0.2
NaN,1.1925,0.2
NaN,1.195,0.2
NaN,1.1975,0.2
NaN,1.2,0.2
NaN,1.2025,0.2
NaN,1.205,0.2
NaN,1.2075,0.2
NaN,1.21,0.2
NaN,1.2125,0.2
NaN,1.215,0.2
NaN,1.2175,0.2
NaN,1.22,0.2
NaN,1.2225,0.2
NaN,1.225,0.2
NaN,1.2275,0.2
NaN,1.23,0.2
NaN,1.2325,0.2
NaN,1.235,0.2
NaN,1.2375,0.2
NaN,1.24,0.2
NaN,1.2425,0.2
NaN,1.245,0.2
NaN,1.2475,0.2
NaN,1.25,0.2
NaN,1.2525,0.2
NaN,1.255,0.2
NaN,1.2575,0.2
NaN,1.26,0.2
NaN,1.2625,0.2
NaN,1.265,0.2
NaN,1.2675,0.2
NaN,1.27,0.2
NaN,1.2725,0.2
NaN,1.275,0.2
NaN,1.2775,0.2
NaN,1.28,0.2
NaN,1.2825,0.2
NaN,1.285,0.2
NaN,1.2875,0.2
NaN,1.29,0.2
NaN,1.2925,0.2
NaN,1.295,0.2
NaN,1.2975,0.2
NaN,1.3,0.2
NaN,1.3025,0.2
NaN,1.305,0.2
NaN,1.3075,0.2
NaN,1.31,0.2
NaN,1.3125,0.2
NaN,1.315,0.2
NaN,1.3175,0.2
NaN,1.32,0.2
NaN,1.3225,0.2
NaN,1.325,0.2
NaN,1.3275,0.2
NaN,1.33,0.2
NaN,1.3325,0.2
NaN,1.335,0.2
NaN,1.3375,0.2
NaN,1.34,0.2
NaN,1.3425,0.2
NaN,1.345,0.2
NaN,1.3475,0.2
NaN,1.35,0.2
NaN,1.3525,0.2
NaN,1.355,0.2
NaN,1.3575,0.2
NaN,1.36,0.2
NaN,1.3625,0.2
NaN,1.365,0.2
NaN,1.3675,0.2
NaN,1.37,0.2
NaN,1.3725,0.2
NaN,1.375,0.2
NaN,1.3775,0.2
NaN,1.38,0.2
NaN,1.3825,0.2
NaN,1.385,0.2
NaN,1.3875,0.2
NaN,1.39,0.2
NaN,1.3925,0.2
NaN,1.395,0.2
NaN,1.3975,0.2
NaN,1.4,0.2
NaN,1.4025,0.2
NaN,1.405,0.2
NaN,1.4075,0.2
NaN,1.41,0.2
NaN,1.4125,0.2
NaN,1.415,0.2
NaN,1.4175,0.2
NaN,1.42,0.2
NaN,1.4225,0.2
NaN,1.425,0.2
NaN,1.4275,0.2
NaN,1.43,0.2
NaN,1.4325,0.2
NaN,1.435,0.2
NaN,1.4375,0.2
NaN,1.44,0.2
NaN,1.4425,0.2
NaN,1.445,0.2
NaN,1.4475,0.2
NaN,1.45,0.2
NaN,1.4525,0.2
NaN,1.455,0.2
NaN,1.4575,0.2
NaN,1.46,0.2
NaN,1.4625,0.2
NaN,1.465,0.2
NaN,1.4675,0.2
NaN,1.47,0.2
NaN,1.4725,0.2
NaN,1.475,0.2
NaN,1.4775,0.2
NaN,1.48,0.2
NaN,1.4825,0.2
NaN,1.485,0.2
NaN,1.4875,0.2
NaN,1.49,0.2
NaN,1.4925,0.2
NaN,1.495,0.2
NaN,1.4975,0.2
NaN,1.5,0.2
NaN,1.5025,0.2
NaN,1.505,0.2
NaN,1.5075,0.2
NaN,1.51,0.2
NaN,1.5125,0.2
NaN,1.515,0.2
NaN,1.5175,0.2
NaN,1.52,0.2
NaN,1.5225,0.2
NaN,1.525,0.2
NaN,1.5275,0.2
NaN,1.53,0.2
NaN,1.5325,0.2
NaN,1.535,0.2
NaN,1.5375,0.2
NaN,1.54,0.2
NaN,1.5425,0.2
NaN,1.545,0.2
NaN,1.5475,0.2
NaN,1.55,0.2
NaN,1.5525,0.2
NaN,1.555,0.2
NaN,1.5575,0.2
NaN,1.56,0.2
NaN,1.5625,0.2
NaN,1.565,0.2
NaN,1.5675,0.2
NaN,1.57,0.2
NaN,1.5725,0.2
NaN,1.575,0.2
NaN,1.5775,0.2
NaN,1.58,0.2
NaN,1.5825,0.2
NaN,1.585,0.2
NaN,1.5875,0.2
NaN,1.59,0.2
NaN,1.5925,0.2
NaN,1.595,0.2
NaN,1.5975,0.2
NaN,1.6,0.2
NaN,1.6025,0.2
NaN,1.605,0.2
NaN,1.6075,0.2
NaN,1.61,0.2
NaN,1.6125,0.2
NaN,1.615,0.2
NaN,1.6175,0.2
NaN,1.62,0.2
NaN,1.6225,0.2
NaN,1.625,0.2
NaN,1.6275,0.2
NaN,1.63,0.2
NaN,1.6325,0.2
NaN,1.635,0.2
NaN,1.6375,0.2
NaN,1.64,0.2
NaN,1.6425,0.2
NaN,1.645,0.2
NaN,1.6475,0.2
NaN,1.65,0.2
NaN,1.6525,0.2
NaN,1.655,0.2
NaN,1.6575,0.2
NaN,1.66,0.2
NaN,1.6625,0.2
NaN,1.665,0.2
NaN,1.6675,0.2
NaN,1.67,0.2
NaN,1.6725,0.2
NaN,1.675,0.2
NaN,1.6775,0.2
NaN,1.68,0.2
NaN,1.6825,0.2
NaN,1.685,0.2
NaN,1.6875,0.2
NaN,1.69,0.2
NaN,1.6925,0.2
NaN,1.695,0.2
NaN,1.6975,0.2
NaN,1.7,0.2
NaN,1.7025,0.2
NaN,1.705,0.2
NaN,1.7075,0.2
NaN,1.71,0.2
NaN,1.7125,0.2
NaN,1.715,0.2
NaN,1.7175,0.2
NaN,1.72,0.2
NaN,1.7225,0.2
NaN,1.725,0.2
NaN,1.7275,0.2
NaN,1.73,0.2
NaN,1.7325,0.2
NaN,1.735,0.2
NaN,1.7375,0.2
NaN,1.74,0.2
NaN,1.7425,0.2
NaN,1.745,0.2
NaN,1.7475,0.2
NaN,1.75,0.2
NaN,1.7525,0.2
NaN,1.755,0.2
NaN,1.7575,0.2
NaN,1.76,0.2
NaN,1.7625,0.2
NaN,1.765,0.2
NaN,1.7675,0.2
NaN,1.77,0.2
NaN,1.7725,0.2
NaN,1.775,0.2
NaN,1.7775,0.2
NaN,1.78,0.2
NaN,1.7825,0.2
NaN,1.785,0.2
NaN,1.7875,0.2
NaN,1.79,0.2
NaN,1.7925,0.2
NaN,1.795,0.2
NaN,1.7975,0.2
NaN,1.8,0.2
NaN,1.8025,0.2
NaN,1.805,0.2
NaN,1.8075,0.2
NaN,1.81,0.2
NaN,1.8125,0.2
NaN,1.815,0.2
NaN,1.8175,0.2
NaN,1.82,0.2
NaN,1.8225,0.2
NaN,1.825,0.2
NaN,1.8275,0.2
NaN,1.83,0.2
NaN,1.8325,0.2
NaN,1.835,0.2
NaN,1.8375,0.2
NaN,1.84,0.2
NaN,1.8425,0.2
NaN,1.845,0.2
NaN,1.8475,0.2
NaN,1.85,0.2
NaN,1.8525,0.2
NaN,1.855,0.2
NaN,1.8575,0.2
NaN,1.86,0.2
NaN,1.8625,0.2
NaN,1.865,0.2
NaN,1.8675,0.2
NaN,1.87,0.2
NaN,1.8725,0.2
NaN,1.875,0.2
NaN,1.8775,0.2
NaN,1.88,0.2
NaN,1.8825,0.2
NaN,1.885,0.2
NaN,1.8875,0.2
NaN,1.89,0.2
NaN,1.8925,0.2
NaN,1.895,0.2
NaN,1.8975,0.2
NaN,1.9,0.2
NaN,1.9025,0.2
NaN,1.905,0.2
NaN,1.9075,0.2
NaN,1.91,0.2
NaN,1.9125,0.2
NaN,1.915,0.2
NaN,1.9175,0.2
NaN,1.92,0.2
NaN,1.9225,0.2
NaN,1.925,0.2
NaN,1.9275,0.2
NaN,1.93,0.2
NaN,1.9325,0.2
NaN,1.935,0.2
NaN,1.9375,0.2
NaN,1.94,0.2
NaN,1.9425,0.2
NaN,1.945,0.2
NaN,1.9475,0.2
NaN,1.95,0.2
NaN,1.9525,0.2
NaN,1.955,0.2
NaN,1.9575,0.2
NaN,1.96,0.2
NaN,1.9625,0.2
NaN,1.965,0.2
NaN,1.9675,0.2
NaN,1.97,0.2
NaN,1.9725,0.2
NaN,1.975,0.2
NaN,1.9775,0.2
NaN,1.98,0.2
NaN,1.9825,0.2
NaN,1.985,0.2
NaN,1.9875,0.2
NaN,1.99,0.2
NaN,1.9925,0.2
NaN,1.995,0.2
NaN,1.9975,0.2
NaN,2,0.2
NaN,2.0025,0.2
NaN,2.005,0.2
NaN,2.0075,0.2
NaN,2.01,0.2
NaN,2.0125,0.2
NaN,2.015,0.2
NaN,2.0175,0.2
NaN,2.02,0.2
NaN,2.0225,0.2
NaN,2.025,0.2
NaN,2.0275,0.2
NaN,2.03,0.2
NaN,2.0325,0.2
NaN,2.035,0.2
NaN,2.0375,0.2
NaN,2.04,0.2
NaN,2.0425,0.2
NaN,2.045,0.2
NaN,2.0475,0.2
NaN,2.05,0.2
NaN,2.0525,0.2
NaN,2.055,0.2
NaN,2.0575,0.2
NaN,2.06,0.2
NaN,2.0625,0.2
NaN,2.065,0.2
NaN,2.0675,0.2
NaN,2.07,0.2
NaN,2.0725,0.2
NaN,2.075,0.2
NaN,2.0775,0.2
NaN,2.08,0.2
NaN,2.0825,0.2
NaN,2.085,0.2
NaN,2.0875,0.2
NaN,2.09,0.2
NaN,2.0925,0.2
NaN,2.095,0.2
NaN,2.0975,0.2
NaN,2.1,0.2
NaN,2.1025,0.2
NaN,2.105,0.2
NaN,2.1075,0.2
NaN,2.11,0.2
NaN,2.1125,0.2
NaN,2.115,0.2
NaN,2.1175,0.2
NaN,2.12,0.2
NaN,2.1225,0.2
NaN,2.125,0.2
NaN,2.1275,0.2
NaN,2.13,0.2
NaN,2.1325,0.2
NaN,2.135,0.2
NaN,2.1375,0.2
NaN,2.14,0.2
NaN,2.1425,0.2
NaN,2.145,0.2
NaN,2.1475,0.2
NaN,2.15,0.2
NaN,2.1525,0.2
NaN,2.155,0.2
NaN,2.1575,0.2
NaN,2.16,0.2
NaN,2.1625,0.2
NaN,2.165,0.2
NaN,2.1675,0.2
NaN,2.17,0.2
NaN,2.1725,0.2
NaN,2.175,0.2
NaN,2.1775,0.2
NaN,2.18,0.2
NaN,2.1825,0.2
NaN,2.185,0.2
NaN,2.1875,0.2
NaN,2.19,0.2
NaN,2.1925,0.2
NaN,2.195,0.2
NaN,2.1975,0.2
NaN,2.2,0.2
NaN,2.2025,0.2
NaN,2.205,0.2
NaN,2.2075,0.2
NaN,2.21,0.2
NaN,2.2125,0.2
NaN,2.215,0.2
NaN,2.2175,0.2
NaN,2.22,0.2
NaN,2.2225,0.2
NaN,2.225,0.2
NaN,2.2275,0.2
NaN,2.23,0.2
NaN,2.2325,0.2
NaN,2.235,0.2
NaN,2.2375,0.2
NaN,2.24,0.2
NaN,2.2425,0.2
NaN,2.245,0.2
NaN,2.2475,0.2
NaN,2.25,0.2
NaN,2.2525,0.2
NaN,2.255,0.2
NaN,2.2575,0.2
NaN,2.26,0.2
NaN,2.2625,0.2
NaN,2.265,0.2
NaN,2.2675,0.2
NaN,2.27,0.2
NaN,2.2725,0.2
NaN,2.275,0.2
NaN,2.2775,0.2
NaN,2.28,0.2
NaN,2.2825,0.2
NaN,2.285,0.2
NaN,2.2875,0.2
NaN,2.29,0.2
NaN,2.2925,0.2
NaN,2.295,0.2
NaN,2.2975,0.2
NaN,2.3,0.2
NaN,2.3025,0.2
NaN,2.305,0.2
NaN,2.3075,0.2
NaN,2.31,0.2
NaN,2.3125,0.2
NaN,2.315,0.2
NaN,2.3175,0.2
NaN,2.32,0.2
NaN,2.3225,0.2
NaN,2.325,0.2
NaN,2.3275,0.2
NaN,2.33,0.2
NaN,2.3325,0.2
NaN,2.335,0.2
NaN,2.3375,0.2
NaN,2.34,0.2
NaN,2.3425,0.2
NaN,2.345,0.2
NaN,2.3475,0.2
NaN,2.35,0.2
NaN,2.3525,0.2
NaN,2.355,0.2
NaN,2.3575,0.2
NaN,2.36,0.2
NaN,2.3625,0.2
NaN,2.365,0.2
NaN,2.3675,0.2
NaN,2.37,0.2
NaN,2.3725,0.2
NaN,2.375,0.2
NaN,2.3775,0.2
NaN,2.38,0.2
NaN,2.3825,0.2
NaN,2.385,0.2
NaN,2.3875,0.2
NaN,2.39,0.2
NaN,2.3925,0.2
NaN,2.395,0.2
NaN,2.3975,0.2
NaN,2.4,0.2
NaN,2.4025,0.2
NaN,2.405,0.2
NaN,2.4075,0.2
NaN,2.41,0.2
NaN,2.4125,0.2
NaN,2.415,0.2
NaN,2.4175,0.2
NaN,2.42,0.2
NaN,2.4225,0.2
NaN,2.425,0.2
NaN,2.4275,0.2
NaN,2.43,0.2
NaN,2.4325,0.2
NaN,2.435,0.2
NaN,2.4375,0.2
NaN,2.44,0.2
NaN,2.4425,0.2
NaN,2.445,0.2
NaN,2.4475,0.2
NaN,2.45,0.2
NaN,2.4525,0.2
NaN,2.455,0.2
NaN,2.4575,0.2
NaN,2.46,0.2
NaN,2.4625,0.2
NaN,2.465,0.2
NaN,2.4675,0.2
NaN,2.47,0.2
NaN,2.4725,0.2
NaN,2.475,0.2
NaN,2.4775,0.2
NaN,2.48,0.2
NaN,2.4825,0.2
NaN,2.485,0.2
NaN,2.4875,0.2
NaN,2.49,0.2
NaN,2.4925,0.2
NaN,2.495,0.2
NaN,2.4975,0.2
NaN,2.5,0.2
NaN,2.5025,0.2
NaN,2.505,0.2
NaN,2.5075,0.2
NaN,2.51,0.2
NaN,2.5125,0.2
NaN,2.515,0.2
NaN,2.5175,0.2
NaN,2.52,0.2
NaN,2.5225,0.2
NaN,2.525,0.2
NaN,2.5275,0.2
NaN,2.53,0.2
NaN,2.5325,0.2
NaN,2.535,0.2
NaN,2.5375,0.2
NaN,2.54,0.2
NaN,2.5425,0.2
NaN,2.545,0.2
NaN,2.5475,0.2
NaN,2.55,0.2
NaN,2.5525,0.2
NaN,2.555,0.2
NaN,2.5575,0.2
NaN,2.56,0.2
NaN,2.5625,0.2
NaN,2.565,0.2
NaN,2.5675,0.2
NaN,2.57,0.2
NaN,2.5725,0.2
NaN,2.575,0.2
NaN,2.5775,0.2
NaN,2.58,0.2
NaN,2.5825,0.2
NaN,2.585,0.2
NaN,2.5875,0.2
NaN,2.59,0.2
NaN,2.5925,0.2
NaN,2.595,0.2
NaN,2.5975,0.2
NaN,2.6,0.2
NaN,2.6025,0.2
NaN,2.605,0.2
NaN,2.6075,0.2
NaN,2.61,0.2
NaN,2.6125,0.2
NaN,2.615,0.2
NaN,2.6175,0.2
NaN,2.62,0.2
NaN,2.6225,0.2
NaN,2.625,0.2
NaN,2.6275,0.2
NaN,2.63,0.2
NaN,2.6325,0.2
NaN,2.635,0.2
NaN,2.6375,0.2
NaN,2.64,0.2
NaN,2.6425,0.2
NaN,2.645,0.2
NaN,2.6475,0.2
NaN,2.65,0.2
NaN,2.6525,0.2
NaN,2.655,0.2
NaN,2.6575,0.2
NaN,2.66,0.2
NaN,2.6625,0.2
NaN,2.665,0.2
NaN,2.6675,0.2
NaN,2.67,0.2
NaN,2.6725,0.2
NaN,2.675,0.2
NaN,2.6775,0.2
NaN,2.68,0.2
NaN,2.6825,0.2
NaN,2.685,0.2
NaN,2.6875,0.2
NaN,2.69,0.2
NaN,2.6925,0.2
NaN,2.695,0.2
NaN,2.6975,0.2
NaN,2.7,0.2
NaN,2.7025,0.2
NaN,2.705,0.2
NaN,2.7075,0.2
NaN,2.71,0.2
NaN,2.7125,0.2
NaN,2.715,0.2
NaN,2.7175,0.2
NaN,2.72,0.2
NaN,2.7225,0.2
NaN,2.725,0.2
NaN,2.7275,0.2
NaN,2.73,0.2
NaN,2.7325,0.2
NaN,2.735,0.2
NaN,2.7375,0.2
NaN,2.74,0.2
NaN,2.7425,0.2
NaN,2.745,0.2
NaN,2.7475,0.2
NaN,2.75,0.2
NaN,2.7525,0.2
NaN,2.755,0.2
NaN,2.7575,0.2
NaN,2.76,0.2
NaN,2.7625,0.2
NaN,2.765,0.2
NaN,2.7675,0.2
NaN,2.77,0.2
NaN,2.7725,0.2
NaN,2.775,0.2
NaN,2.7775,0.2
NaN,2.78,0.2
NaN,2.7825,0.2
NaN,2.785,0.2
NaN,2.7875,0.2
NaN,2.79,0.2
NaN,2.7925,0.2
NaN,2.795,0.2
NaN,2.7975,0.2
NaN,2.8,0.2
NaN,2.8025,0.2
NaN,2.805,0.2
NaN,2.8075,0.2
NaN,2.81,0.2
NaN,2.8125,0.2
NaN,2.815,0.2
NaN,2.8175,0.2
NaN,2.82,0.2
NaN,2.8225,0.2
NaN,2.825,0.2
NaN,2.8275,0.2
NaN,2.83,0.2
NaN,2.8325,0.2
NaN,2.835,0.2
NaN,2.8375,0.2
NaN,2.84,0.2
NaN,2.8425,0.2
NaN,2.845,0.2
NaN,2.8475,0.2
NaN,2.85,0.2
NaN,2.8525,0.2
NaN,2.855,0.2
NaN,2.8575,0.2
NaN,2.86,0.2
NaN,2.8625,0.2
NaN,2.865,0.2
NaN,2.8675,0.2
NaN,2.87,0.2
NaN,2.8725,0.2
NaN,2.875,0.2
NaN,2.8775,0.2
NaN,2.88,0.2
NaN,2.8825,0.2
NaN,2.885,0.2
NaN,2.8875,0.2
NaN,2.89,0.2
NaN,2.8925,0.2
NaN,2.895,0.2
NaN,2.8975,0.2
NaN,2.9,0.2
NaN,2.9025,0.2
NaN,2.905,0.2
NaN,2.9075,0.2
NaN,2.91,0.2
NaN,2.9125,0.2
NaN,2.915,0.2
NaN,2.9175,0.2
NaN,2.92,0.2
NaN,2.9225,0.2
NaN,2.925,0.2
NaN,2.9275,0.2
NaN,2.93,0.2
NaN,2.9325,0.2
NaN,2.935,0.2
NaN,2.9375,0.2
NaN,2.94,0.2
NaN,2.9425,0.2
NaN,2.945,0.2
NaN,2.9475,0.2
NaN,2.95,0.2
NaN,2.9525,0.2
NaN,2.955,0.2
NaN,2.9575,0.2
NaN,2.96,0.2
NaN,2.9625,0.2
NaN,2.965,0.2
NaN,2.9675,0.2
NaN,2.97,0.2
NaN,2.9725,0.2
NaN,2.975,0.2
NaN,2.9775,0.2
NaN,2.98,0.2
NaN,2.9825,0.2
NaN,2.985,0.2
NaN,2.9875,0.2
NaN,2.99,0.2
NaN,2.9925,0.2
NaN,2.995,0.2
NaN,2.9975,0.2
NaN,3,0.2
NaN,3.0025,0.2
NaN,3.005,0.2
NaN,3.0075,0.2
NaN,3.01,0.2
NaN,3.0125,0.2
NaN,3.015,0.2
NaN,3.0175,0.2
NaN,3.02,0.2
NaN,3.0225,0.2
NaN,3.025,0.2
NaN,3.0275,0.2
NaN,3.03,0.2
NaN,3.0325,0.2
NaN,3.035,0.2
NaN,3.0375,0.2
NaN,3.04,0.2
NaN,3.0425,0.2
NaN,3.045,0.2
NaN,3.0475,0.2
NaN,3.05,0.2
NaN,3.0525,0.2
NaN,3.055,0.2
NaN,3.0575,0.2
NaN,3.06,0.2
NaN,3.0625,0.2
NaN,3.065,0.2
NaN,3.0675,0.2
NaN,3.07,0.2
NaN,3.0725,0.2
NaN,3.075,0.2
NaN,3.0775,0.2
NaN,3.08,0.2
NaN,3.0825,0.2
NaN,3.085,0.2
NaN,3.0875,0.2
NaN,3.09,0.2
NaN,3.0925,0.2
NaN,3.095,0.2
NaN,3.0975,0.2
NaN,3.1,0.2
NaN,3.1025,0.2
NaN,3.105,0.2
NaN,3.1075,0.2
NaN,3.11,0.2
NaN,3.1125,0.2
NaN,3.115,0.2
NaN,3.1175,0.2
NaN,3.12,0.2
NaN,3.1225,0.2
NaN,3.125,0.2
NaN,3.1275,0.2
NaN,3.13,0.2
NaN,3.1325,0.2
NaN,3.135,0.2
NaN,3.1375,0.2
NaN,3.14,0.2
NaN,3.1425,0.2
NaN,3.145,0.2
NaN,3.1475,0.2
NaN,3.15,0.2
NaN,3.1525,0.2
NaN,3.155,0.2
NaN,3.1575,0.2
NaN,3.16,0.2
NaN,3.1625,0.2
NaN,3.165,0.2
NaN,3.1675,0.2
NaN,3.17,0.2
NaN,3.1725,0.2
NaN,3.175,0.2
NaN,3.1775,0.2
NaN,3.18,0.2
NaN,3.1825,0.2
NaN,3.185,0.2
NaN,3.1875,0.2
NaN,3.19,0.2
NaN,3.1925,0.2
NaN,3.195,0.2
NaN,3.1975,0.2
NaN,3.2,0.2
NaN,3.2025,0.2
NaN,3.205,0.2
NaN,3.2075,0.2
NaN,3.21,0.2
NaN,3.2125,0.2
NaN,3.215,0.2
NaN,3.2175,0.2
NaN,3.22,0.2
NaN,3.2225,0.2
NaN,3.225,0.2
NaN,3.2275,0.2
NaN,3.23,0.2
NaN,3.2325,0.2
NaN,3.235,0.2
NaN,3.2375,0.2
NaN,3.24,0.2
NaN,3.2425,0.2
NaN,3.245,0.2
NaN,3.2475,0.2
NaN,3.25,0.2
NaN,3.2525,0.2
NaN,3.255,0.2
NaN,3.2575,0.2
NaN,3.26,0.2
NaN,3.2625,0.2
NaN,3.265,0.2
NaN,3.2675,0.2
NaN,3.27,0.2
NaN,3.2725,0.2
NaN,3.275,0.2
NaN,3.2775,0.2
NaN,3.28,0.2
NaN,3.2825,0.2
NaN,3.285,0.2
NaN,3.2875,0.2
NaN,3.29,0.2
NaN,3.2925,0.2
NaN,3.295,0.2
NaN,3.2975,0.2
NaN,3.3,0.2
NaN,3.3025,0.2
NaN,3.305,0.2
NaN,3.3075,0.2
NaN,3.31,0.2
NaN,3.3125,0.2
NaN,3.315,0.2
NaN,3.3175,0.2
NaN,3.32,0.2
NaN,3.3225,0.2
NaN,3.325,0.2
NaN,3.3275,0.2
NaN,3.33,0.2
NaN,3.3325,0.2
NaN,3.335,0.2
NaN,3.3375,0.2
NaN,3.34,0.2
NaN,3.3425,0.2
NaN,3.345,0.2
NaN,3.3475,0.2
NaN,3.35,0.2
NaN,3.3525,0.2
NaN,3.355,0.2
NaN,3.3575,0.2
NaN,3.36,0.2
NaN,3.3625,0.2
NaN,3.365,0.2
NaN,3.3675,0.2
NaN,3.37,0.2
NaN,3.3725,0.2
NaN,3.375,0.2
NaN,3.3775,0.2
NaN,3.38,0.2
NaN,3.3825,0.2
NaN,3.385,0.2
NaN,3.3875,0.2
NaN,3.39,0.2
NaN,3.3925,0.2
NaN,3.395,0.2
NaN,3.3975,0.2
NaN,3.4,0.2
NaN,3.4025,0.2
NaN,3.405,0.2
NaN,3.4075,0.2
NaN,3.41,0.2
NaN,3.4125,0.2
NaN,3.415,0.2
NaN,3.4175,0.2
NaN,3.42,0.2
NaN,3.4225,0.2
NaN,3.425,0.2
NaN,3.4275,0.2
NaN,3.43,0.2
NaN,3.4325,0.2
NaN,3.435,0.2
NaN,3.4375,0.2
NaN,3.44,0.2
NaN,3.4425,0.2
NaN,3.445,0.2
NaN,3.4475,0.2
NaN,3.45,0.2
NaN,3.4525,0.2
NaN,3.455,0.2
NaN,3.4575,0.2
NaN,3.46,0.2
NaN,3.4625,0.2
NaN,3.465,0.2
NaN,3.4675,0.2
NaN,3.47,0.2
NaN,3.4725,0.2
NaN,3.475,0.2
NaN,3.4775,0.2
NaN,3.48,0.2
NaN,3.4825,0.2
NaN,3.485,0.2
NaN,3.4875,0.2
NaN,3.49,0.2
NaN,3.4925,0.2
NaN,3.495,0.2
NaN,3.4975,0.2
NaN,3.5,0.2
NaN,3.5025,0.2
NaN,3.505,0.2
NaN,3.5075,0.2
NaN,3.51,0.2
NaN,3.5125,0.2
NaN,3.515,0.2
NaN,3.5175,0.2
NaN,3.52,0.2
NaN,3.5225,0.2
NaN,3.525,0.2
NaN,3.5275,0.2
NaN,3.53,0.2
NaN,3.5325,0.2
NaN,3.535,0.2
NaN,3.5375,0.2
NaN,3.54,0.2
NaN,3.5425,0.2
NaN,3.545,0.2
NaN,3.5475,0.2
NaN,3.55,0.2
NaN,3.5525,0.2
NaN,3.555,0.2
NaN,3.5575,0.2
NaN,3.56,0.2
NaN,3.5625,0.2
NaN,3.565,0.2
NaN,3.5675,0.2
NaN,3.57,0.2
NaN,3.5725,0.2
NaN,3.575,0.2
NaN,3.5775,0.2
NaN,3.58,0.2
NaN,3.5825,0.2
NaN,3.585,0.2
NaN,3.5875,0.2
NaN,3.59,0.2
NaN,3.5925,0.2
NaN,3.595,0.2
NaN,3.5975,0.2
NaN,3.6,0.2
NaN,3.6025,0.2
NaN,3.605,0.2
NaN,3.6075,0.2
NaN,3.61,0.2
NaN,3.6125,0.2
NaN,3.615,0.2
NaN,3.6175,0.2
NaN,3.62,0.2
NaN,3.6225,0.2
NaN,3.625,0.2
NaN,3.6275,0.2
NaN,3.63,0.2
NaN,3.6325,0.2
NaN,3.635,0.2
NaN,3.6375,0.2
NaN,3.64,0.2
NaN,3.6425,0.2
NaN,3.645,0.2
NaN,3.6475,0.2
NaN,3.65,0.2
NaN,3.6525,0.2
NaN,3.655,0.2
NaN,3.6575,0.2
NaN,3.66,0.2
NaN,3.6625,0.2
NaN,3.665,0.2
NaN,3.6675,0.2
NaN,3.67,0.2
NaN,3.6725,0.2
NaN,3.675,0.2
NaN,3.6775,0.2
NaN,3.68,0.2
NaN,3.6825,0.2
NaN,3.685,0.2
NaN,3.6875,0.2
NaN,3.69,0.2
NaN,3.6925,0.2
NaN,3.695,0.2
NaN,3.6975,0.2
NaN,3.7,0.2
NaN,3.7025,0.2
NaN,3.705,0.2
NaN,3.7075,0.2
NaN,3.71,0.2
NaN,3.7125,0.2
NaN,3.715,0.2
NaN,3.7175,0.2
NaN,3.72,0.2
NaN,3.7225,0.2
NaN,3.725,0.2
NaN,3.7275,0.2
NaN,3.73,0.2
NaN,3.7325,0.2
NaN,3.735,0.2
NaN,3.7375,0.2
NaN,3.74,0.2
NaN,3.7425,0.2
NaN,3.745,0.2
NaN,3.7475,0.2
NaN,3.75,0.2
NaN,3.7525,0.2
NaN,3.755,0.2
NaN,3.7575,0.2
NaN,3.76,0.2
NaN,3.7625,0.2
NaN,3.765,0.2
NaN,3.7675,0.2
NaN,3.77,0.2
NaN,3.7725,0.2
NaN,3.775,0.2
NaN,3.7775,0.2
NaN,3.78,0.2
NaN,3.7825,0.2
NaN,3.785,0.2
NaN,3.7875,0.2
NaN,3.79,0.2
NaN,3.7925,0.2
NaN,3.795,0.2
NaN,3.7975,0.2
NaN,3.8,0.2
NaN,3.8025,0.2
NaN,3.805,0.2
NaN,3.8075,0.2
NaN,3.81,0.2
NaN,3.8125,0.2
NaN,3.815,0.2
NaN,3.8175,0.2
NaN,3.82,0.2
NaN,3.8225,0.2
NaN,3.825,0.2
NaN,3.8275,0.2
NaN,3.83,0.2
NaN,3.8325,0.2
NaN,3.835,0.2
NaN,3.8375,0.2
NaN,3.84,0.2
NaN,3.8425,0.2
NaN,3.845,0.2
NaN,3.8475,0.2
NaN,3.85,0.2
NaN,3.8525,0.2
NaN,3.855,0.2
NaN,3.8575,0.2
NaN,3.86,0.2
NaN,3.8625,0.2
NaN,3.865,0.2
NaN,3.8675,0.2
NaN,3.87,0.2
NaN,3.8725,0.2
NaN,3.875,0.2
NaN,3.8775,0.2
NaN,3.88,0.2
NaN,3.8825,0.2
NaN,3.885,0.2
NaN,3.8875,0.2
NaN,3.89,0.2
NaN,3.8925,0.2
NaN,3.895,0.2
NaN,3.8975,0.2
NaN,3.9,0.2
NaN,3.9025,0.2
NaN,3.905,0.2
NaN,3.9075,0.2
NaN,3.91,0.2
NaN,3.9125,0.2
NaN,3.915,0.2
NaN,3.9175,0.2
NaN,3.92,0.2
NaN,3.9225,0.2
NaN,3.925,0.2
NaN,3.9275,0.2
NaN,3.93,0.2
NaN,3.9325,0.2
NaN,3.935,0.2
NaN,3.9375,0.2
NaN,3.94,0.2
NaN,3.9425,0.2
NaN,3.945,0.2
NaN,3.9475,0.2
NaN,3.95,0.2
NaN,3.9525,0.2
NaN,3.955,0.2
NaN,3.9575,0.2
NaN,3.96,0.2
NaN,3.9625,0.2
NaN,3.965,0.2
NaN,3.9675,0.2
NaN,3.97,0.2
NaN,3.9725,0.2
NaN,3.975,0.2
NaN,3.9775,0.2
NaN,3.98,0.2
NaN,3.9825,0.2
NaN,3.985,0.2
NaN,3.9875,0.2
NaN,3.99,0.2
NaN,3.9925,0.2
NaN,3.995,0.2
NaN,3.9975,0.2
NaN,4,0.2
NaN,4.0025,0.2
NaN,4.005,0.2
NaN,4.0075,0.2
NaN,4.01,0.2
NaN,4.0125,0.2
NaN,4.015,0.2
NaN,4.0175,0.2
NaN,4.02,0.2
NaN,4.0225,0.2
NaN,4.025,0.2
NaN,4.0275,0.2
NaN,4.03,0.2
NaN,4.0325,0.2
NaN,4.035,0.2
NaN,4.0375,0.2
NaN,4.04,0.2
NaN,4.0425,0.2
NaN,4.045,0.2
NaN,4.0475,0.2
NaN,4.05,0.2
NaN,4.0525,0.2
NaN,4.055,0.2
NaN,4.0575,0.2
NaN,4.06,0.2
NaN,4.0625,0.2
NaN,4.065,0.2
NaN,4.0675,0.2
NaN,4.07,0.2
NaN,4.0725,0.2
NaN,4.075,0.2
NaN,4.0775,0.2
NaN,4.08,0.2
NaN,4.0825,0.2
NaN,4.085,0.2
NaN,4.0875,0.2
NaN,4.09,0.2
NaN,4.0925,0.2
NaN,4.095,0.2
NaN,4.0975,0.2
NaN,4.1,0.2
NaN,4.1025,0.2
NaN,4.105,0.2
NaN,4.1075,0.2
NaN,4.11,0.2
NaN,4.1125,0.2
NaN,4.115,0.2
NaN,4.1175,0.2
NaN,4.12,0.2
NaN,4.1225,0.2
NaN,4.125,0.2
NaN,4.1275,0.2
NaN,4.13,0.2
NaN,4.1325,0.2
NaN,4.135,0.2
NaN,4.1375,0.2
NaN,4.14,0.2
NaN,4.1425,0.2
NaN,4.145,0.2
NaN,4.1475,0.2
NaN,4.15,0.2
NaN,4.1525,0.2
NaN,4.155,0.2
NaN,4.1575,0.2
NaN,4.16,0.2
NaN,4.1625,0.2
NaN,4.165,0.2
NaN,4.1675,0.2
NaN,4.17,0.2
NaN,4.1725,0.2
NaN,4.175,0.2
NaN,4.1775,0.2
NaN,4.18,0.2
NaN,4.1825,0.2
NaN,4.185,0.2
NaN,4.1875,0.2
NaN,4.19,0.2
NaN,4.1925,0.2
NaN,4.195,0.2
NaN,4.1975,0.2
NaN,4.2,0.2
NaN,4.2025,0.2
NaN,4.205,0.2
NaN,4.2075,0.2
NaN,4.21,0.2
NaN,4.2125,0.2
NaN,4.215,0.2
NaN,4.2175,0.2
NaN,4.22,0.2
NaN,4.2225,0.2
NaN,4.225,0.2
NaN,4.2275,0.2
NaN,4.23,0.2
NaN,4.2325,0.2
NaN,4.235,0.2
NaN,4.2375,0.2
NaN,4.24,0.2
NaN,4.2425,0.2
NaN,4.245,0.2
NaN,4.2475,0.2
NaN,4.25,0.2
NaN,4.2525,0.2
NaN,4.255,0.2
NaN,4.2575,0.2
NaN,4.26,0.2
NaN,4.2625,0.2
NaN,4.265,0.2
NaN,4.2675,0.2
NaN,4.27,0.2
NaN,4.2725,0.2
NaN,4.275,0.2
NaN,4.2775,0.2
NaN,4.28,0.2
NaN,4.2825,0.2
NaN,4.285,0.2
NaN,4.2875,0.2
NaN,4.29,0.2
NaN,4.2925,0.2
NaN,4.295,0.2
NaN,4.2975,0.2
NaN,4.3,0.2
NaN,4.3025,0.2
NaN,4.305,0.2
NaN,4.3075,0.2
NaN,4.31,0.2
NaN,4.3125,0.2
NaN,4.315,0.2
NaN,4.3175,0.2
NaN,4.32,0.2
NaN,4.3225,0.2
NaN,4.325,0.2
NaN,4.3275,0.2
NaN,4.33,0.2
NaN,4.3325,0.2
NaN,4.335,0.2
NaN,4.3375,0.2
NaN,4.34,0.2
NaN,4.3425,0.2
NaN,4.345,0.2
NaN,4.3475,0.2
NaN,4.35,0.2
NaN,4.3525,0.2
NaN,4.355,0.2
NaN,4.3575,0.2
NaN,4.36,0.2
NaN,4.3625,0.2
NaN,4.365,0.2
NaN,4.3675,0.2
NaN,4.37,0.2
NaN,4.3725,0.2
NaN,4.375,0.2
NaN,4.3775,0.2
NaN,4.38,0.2
NaN,4.3825,0.2
NaN,4.385,0.2
NaN,4.3875,0.2
NaN,4.39,0.2
NaN,4.3925,0.2
NaN,4.395,0.2
NaN,4.3975,0.2
NaN,4.4,0.2
NaN,4.4025,0.2
NaN,4.405,0.2
NaN,4.4075,0.2
NaN,4.41,0.2
NaN,4.4125,0.2
NaN,4.415,0.2
NaN,4.4175,0.2
NaN,4.42,0.2
NaN,4.4225,0.2
NaN,4.425,0.2
NaN,4.4275,0.2
NaN,4.43,0.2
NaN,4.4325,0.2
NaN,4.435,0.2
NaN,4.4375,0.2
NaN,4.44,0.2
NaN,4.4425,0.2
NaN,4.445,0.2
NaN,4.4475,0.2
NaN,4.45,0.2
NaN,4.4525,0.2
NaN,4.455,0.2
NaN,4.4575,0.2
NaN,4.46,0.2
NaN,4.4625,0.2
NaN,4.465,0.2
NaN,4.4675,0.2
NaN,4.47,0.2
NaN,4.4725,0.2
NaN,4.475,0.2
NaN,4.4775,0.2
NaN,4.48,0.2
NaN,4.4825,0.2
NaN,4.485,0.2
NaN,4.4875,0.2
NaN,4.49,0.2
NaN,4.4925,0.2
NaN,4.495,0.2
NaN,4.4975,0.2
NaN,4.5,0.2
NaN,4.5025,0.2
NaN,4.505,0.2
NaN,4.5075,0.2
NaN,4.51,0.2
NaN,4.5125,0.2
NaN,4.515,0.2
NaN,4.5175,0.2
NaN,4.52,0.2
NaN,4.5225,0.2
NaN,4.525,0.2
NaN,4.5275,0.2
NaN,4.53,0.2
NaN,4.5325,0.2
NaN,4.535,0.2
NaN,4.5375,0.2
NaN,4.54,0.2
NaN,4.5425,0.2
NaN,4.545,0.2
NaN,4.5475,0.2
NaN,4.55,0.2
NaN,4.5525,0.2
NaN,4.555,0.2
NaN,4.5575,0.2
NaN,4.56,0.2
NaN,4.5625,0.2
NaN,4.565,0.2
NaN,4.5675,0.2
NaN,4.57,0.2
NaN,4.5725,0.2
NaN,4.575,0.2
NaN,4.5775,0.2
NaN,4.58,0.2
NaN,4.5825,0.2
NaN,4.585,0.2
NaN,4.5875,0.2
NaN,4.59,0.2
NaN,4.5925,0.2
NaN,4.595,0.2
NaN,4.5975,0.2
NaN,4.6,0.2
NaN,4.6025,0.2
NaN,4.605,0.2
NaN,4.6075,0.2
NaN,4.61,0.2
NaN,4.6125,0.2
NaN,4.615,0.2
NaN,4.6175,0.2
NaN,4.62,0.2
NaN,4.6225,0.2
NaN,4.625,0.2
NaN,4.6275,0.2
NaN,4.63,0.2
NaN,4.6325,0.2
NaN,4.635,0.2
NaN,4.6375,0.2
NaN,4.64,0.2
NaN,4.6425,0.2
NaN,4.645,0.2
NaN,4.6475,0.2
NaN,4.65,0.2
NaN,4.6525,0.2
NaN,4.655,0.2
NaN,4.6575,0.2
NaN,4.66,0.2
NaN,4.6625,0.2
NaN,4.665,0.2
NaN,4.6675,0.2
NaN,4.67,0.2
NaN,4.6725,0.2
NaN,4.675,0.2
NaN,4.6775,0.2
NaN,4.68,0.2
NaN,4.6825,0.2
NaN,4.685,0.2
NaN,4.6875,0.2
NaN,4.69,0.2
NaN,4.6925,0.2
NaN,4.695,0.2
NaN,4.6975,0.2
NaN,4.7,0.2
NaN,4.7025,0.2
NaN,4.705,0.2
NaN,4.7075,0.2
NaN,4.71,0.2
NaN,4.7125,0.2
NaN,4.715,0.2
NaN,4.7175,0.2
NaN,4.72,0.2
NaN,4.7225,0.2
NaN,4.725,0.2
NaN,4.7275,0.2
NaN,4.73,0.2
NaN,4.7325,0.2
NaN,4.735,0.2
NaN,4.7375,0.2
NaN,4.74,0.2
NaN,4.7425,0.2
NaN,4.745,0.2
NaN,4.7475,0.2
NaN,4.75,0.2
NaN,4.7525,0.2
NaN,4.755,0.2
NaN,4.7575,0.2
NaN,4.76,0.2
NaN,4.7625,0.2
NaN,4.765,0.2
NaN,4.7675,0.2
NaN,4.77,0.2
NaN,4.7725,0.2
NaN,4.775,0.2
NaN,4.7775,0.2
NaN,4.78,0.2
NaN,4.7825,0.2
NaN,4.785,0.2
NaN,4.7875,0.2
NaN,4.79,0.2
NaN,4.7925,0.2
NaN,4.795,0.2
NaN,4.7975,0.2
NaN,4.8,0.2
NaN,4.8025,0.2
NaN,4.805,0.2
NaN,4.8075,0.2
NaN,4.81,0.2
NaN,4.8125,0.2
NaN,4.815,0.2
NaN,4.8175,0.2
NaN,4.82,0.2
NaN,4.8225,0.2
NaN,4.825,0.2
NaN,4.8275,0.2
NaN,4.83,0.2
NaN,4.8325,0.2
NaN,4.835,0.2
NaN,4.8375,0.2
NaN,4.84,0.2
NaN,4.8425,0.2
NaN,4.845,0.2
NaN,4.8475,0.2
NaN,4.85,0.2
NaN,4.8525,0.2
NaN,4.855,0.2
NaN,4.8575,0.2
NaN,4.86,0.2
NaN,4.8625,0.2
NaN,4.865,0.2
NaN,4.8675,0.2
NaN,4.87,0.2
NaN,4.8725,0.2
NaN,4.875,0.2
NaN,4.8775,0.2
NaN,4.88,0.2
NaN,4.8825,0.2
NaN,4.885,0.2
NaN,4.8875,0.2
NaN,4.89,0.2
NaN,4.8925,0.2
NaN,4.895,0.2
NaN,4.8975,0.2
NaN,4.9,0.2
NaN,4.9025,0.2
NaN,4.905,0.2
NaN,4.9075,0.2
NaN,4.91,0.2
NaN,4.9125,0.2
NaN,4.915,0.2
NaN,4.9175,0.2
NaN,4.92,0.2
NaN,4.9225,0.2
NaN,4.925,0.2
NaN,4.9275,0.2
NaN,4.93,0.2
NaN,4.9325,0.2
NaN,4.935,0.2
NaN,4.9375,0.2
NaN,4.94,0.2
NaN,4.9425,0.2
NaN,4.945,0.2
NaN,4.9475,0.2
NaN,4.95,0.2
NaN,4.9525,0.2
NaN,4.955,0.2
NaN,4.9575,0.2
NaN,4.96,0.2
NaN,4.9625,0.2
NaN,4.965,0.2
NaN,4.9675,0.2
NaN,4.97,0.2
NaN,4.9725,0.2
NaN,4.975,0.2
NaN,4.9775,0.2
NaN,4.98,0.2
NaN,4.9825,0.2
NaN,4.985,0.2
NaN,4.9875,0.2
NaN,4.99,0.2
NaN,4.9925,0.2
NaN,4.995,0.2
NaN,4.9975,0.2
NaN,5,0.2
NaN,5.0025,0.2
NaN,5.005,0.2
NaN,5.0075,0.2
NaN,5.01,0.2
NaN,5.0125,0.2
NaN,5.015,0.2
NaN,5.0175,0.2
NaN,5.02,0.2
NaN,5.0225,0.2
NaN,5.025,0.2
NaN,5.0275,0.2
NaN,5.03,0.2
NaN,5.0325,0.2
NaN,5.035,0.2
NaN,5.0375,0.2
NaN,5.04,0.2
NaN,5.0425,0.2
NaN,5.045,0.2
NaN,5.0475,0.2
NaN,5.05,0.2
NaN,5.0525,0.2
NaN,5.055,0.2
NaN,5.0575,0.2
NaN,5.06,0.2
NaN,5.0625,0.2
NaN,5.065,0.2
NaN,5.0675,0.2
NaN,5.07,0.2
NaN,5.0725,0.2
NaN,5.075,0.2
NaN,5.0775,0.2
NaN,5.08,0.2
NaN,5.0825,0.2
NaN,5.085,0.2
NaN,5.0875,0.2
NaN,5.09,0.2
NaN,5.0925,0.2
NaN,5.095,0.2
NaN,5.0975,0.2
NaN,5.1,0.2
NaN,5.1025,0.2
NaN,5.105,0.2
NaN,5.1075,0.2
NaN,5.11,0.2
NaN,5.1125,0.2
NaN,5.115,0.2
NaN,5.1175,0.2
NaN,5.12,0.2
NaN,5.1225,0.2
NaN,5.125,0.2
NaN,5.1275,0.2
NaN,5.13,0.2
NaN,5.1325,0.2
NaN,5.135,0.2
NaN,5.1375,0.2
NaN,5.14,0.2
NaN,5.1425,0.2
NaN,5.145,0.2
NaN,5.1475,0.2
NaN,5.15,0.2
NaN,5.1525,0.2
NaN,5.155,0.2
NaN,5.1575,0.2
NaN,5.16,0.2
NaN,5.1625,0.2
NaN,5.165,0.2
NaN,5.1675,0.2
NaN,5.17,0.2
NaN,5.1725,0.2
NaN,5.175,0.2
NaN,5.1775,0.2
NaN,5.18,0.2
NaN,5.1825,0.2
NaN,5.185,0.2
NaN,5.1875,0.2
NaN,5.19,0.2
NaN,5.1925,0.2
NaN,5.195,0.2
NaN,5.1975,0.2
NaN,5.2,0.2
NaN,5.2025,0.2
NaN,5.205,0.2
NaN,5.2075,0.2
NaN,5.21,0.2
NaN,5.2125,0.2
NaN,5.215,0.2
NaN,5.2175,0.2
NaN,5.22,0.2
NaN,5.2225,0.2
NaN,5.225,0.2
NaN,5.2275,0.2
NaN,5.23,0.2
NaN,5.2325,0.2
NaN,5.235,0.2
NaN,5.2375,0.2
NaN,5.24,0.2
NaN,5.2425,0.2
NaN,5.245,0.2
NaN,5.2475,0.2
NaN,5.25,0.2
NaN,5.2525,0.2
NaN,5.255,0.2
NaN,5.2575,0.2
NaN,5.26,0.2
NaN,5.2625,0.2
NaN,5.265,0.2
NaN,5.2675,0.2
NaN,5.27,0.2
NaN,5.2725,0.2
NaN,5.275,0.2
NaN,5.2775,0.2
NaN,5.28,0.2
NaN,5.2825,0.2
NaN,5.285,0.2
NaN,5.2875,0.2
NaN,5.29,0.2
NaN,5.2925,0.2
NaN,5.295,0.2
NaN,5.2975,0.2
NaN,5.3,0.2
NaN,5.3025,0.2
NaN,5.305,0.2
NaN,5.3075,0.2
NaN,5.31,0.2
NaN,5.3125,0.2
NaN,5.315,0.2
NaN,5.3175,0.2
NaN,5.32,0.2
NaN,5.3225,0.2
NaN,5.325,0.2
NaN,5.3275,0.2
NaN,5.33,0.2
NaN,5.3325,0.2
NaN,5.335,0.2
NaN,5.3375,0.2
NaN,5.34,0.2
NaN,5.3425,0.2
NaN,5.345,0.2
NaN,5.3475,0.2
NaN,5.35,0.2
NaN,5.3525,0.2
NaN,5.355,0.2
NaN,5.3575,0.2
NaN,5.36,0.2
NaN,5.3625,0.2
NaN,5.365,0.2
NaN,5.3675,0.2
NaN,5.37,0.2
NaN,5.3725,0.2
NaN,5.375,0.2
NaN,5.3775,0.2
NaN,5.38,0.2
NaN,5.3825,0.2
NaN,5.385,0.2
NaN,5.3875,0.2
NaN,5.39,0.2
NaN,5.3925,0.2
NaN,5.395,0.2
NaN,5.3975,0.2
NaN,5.4,0.2
NaN,5.4025,0.2
NaN,5.405,0.2
NaN,5.4075,0.2
NaN,5.41,0.2
NaN,5.4125,0.2
NaN,5.415,0.2
NaN,5.4175,0.2
NaN,5.42,0.2
NaN,5.4225,0.2
NaN,5.425,0.2
NaN,5.4275,0.2
NaN,5.43,0.2
NaN,5.4325,0.2
NaN,5.435,0.2
NaN,5.4375,0.2
NaN,5.44,0.2
NaN,5.4425,0.2
NaN,5.445,0.2
NaN,5.4475,0.2
NaN,5.45,0.2
NaN,5.4525,0.2
NaN,5.455,0.2
NaN,5.4575,0.2
NaN,5.46,0.2
NaN,5.4625,0.2
NaN,5.465,0.2
NaN,5.4675,0.2
NaN,5.47,0.2
NaN,5.4725,0.2
NaN,5.475,0.2
NaN,5.4775,0.2
NaN,5.48,0.2
NaN,5.4825,0.2
NaN,5.485,0.2
NaN,5.4875,0.2
NaN,5.49,0.2
NaN,5.4925,0.2
NaN,5.495,0.2
NaN,5.4975,0.2
NaN,5.5,0.2
NaN,5.5025,0.2
NaN,5.505,0.2
NaN,5.5075,0.2
NaN,5.51,0.2
NaN,5.5125,0.2
NaN,5.515,0.2
NaN,5.5175,0.2
NaN,5.52,0.2
NaN,5.5225,0.2
NaN,5.525,0.2
NaN,5.5275,0.2
NaN,5.53,0.2
NaN,5.5325,0.2
NaN,5.535,0.2
NaN,5.5375,0.2
NaN,5.54,0.2
NaN,5.5425,0.2
NaN,5.545,0.2
NaN,5.5475,0.2
NaN,5.55,0.2
NaN,5.5525,0.2
NaN,5.555,0.2
NaN,5.5575,0.2
NaN,5.56,0.2
NaN,5.5625,0.2
NaN,5.565,0.2
NaN,5.5675,0.2
NaN,5.57,0.2
NaN,5.5725,0.2
NaN,5.575,0.2
NaN,5.5775,0.2
NaN,5.58,0.2
NaN,5.5825,0.2
NaN,5.585,0.2
NaN,5.5875,0.2
NaN,5.59,0.2
NaN,5.5925,0.2
NaN,5.595,0.2
NaN,5.5975,0.2
NaN,5.6,0.2
NaN,5.6025,0.2
NaN,5.605,0.2
NaN,5.6075,0.2
NaN,5.61,0.2
NaN,5.6125,0.2
NaN,5.615,0.2
NaN,5.6175,0.2
NaN,5.62,0.2
NaN,5.6225,0.2
NaN,5.625,0.2
NaN,5.6275,0.2
NaN,5.63,0.2
NaN,5.6325,0.2
NaN,5.635,0.2
NaN,5.6375,0.2
NaN,5.64,0.2
NaN,5.6425,0.2
NaN,5.645,0.2
NaN,5.6475,0.2
NaN,5.65,0.2
NaN,5.6525,0.2
NaN,5.655,0.2
NaN,5.6575,0.2
NaN,5.66,0.2
NaN,5.6625,0.2
NaN,5.665,0.2
NaN,5.6675,0.2
NaN,5.67,0.2
NaN,5.6725,0.2
NaN,5.675,0.2
NaN,5.6775,0.2
NaN,5.68,0.2
NaN,5.6825,0.2
NaN,5.685,0.2
NaN,5.6875,0.2
NaN,5.69,0.2
NaN,5.6925,0.2
NaN,5.695,0.2
NaN,5.6975,0.2
NaN,5.7,0.2
NaN,5.7025,0.2
NaN,5.705,0.2
NaN,5.7075,0.2
NaN,5.71,0.2
NaN,5.7125,0.2
NaN,5.715,0.2
NaN,5.7175,0.2
NaN,5.72,0.2
NaN,5.7225,0.2
NaN,5.725,0.2
NaN,5.7275,0.2
NaN,5.73,0.2
NaN,5.7325,0.2
NaN,5.735,0.2
NaN,5.7375,0.2
NaN,5.74,0.2
NaN,5.7425,0.2
NaN,5.745,0.2
NaN,5.7475,0.2
NaN,5.75,0.2
NaN,5.7525,0.2
NaN,5.755,0.2
NaN,5.7575,0.2
NaN,5.76,0.2
NaN,5.7625,0.2
NaN,5.765,0.2
NaN,5.7675,0.2
NaN,5.77,0.2
NaN,5.7725,0.2
NaN,5.775,0.2
NaN,5.7775,0.2
NaN,5.78,0.2
NaN,5.7825,0.2
NaN,5.785,0.2
NaN,5.7875,0.2
NaN,5.79,0.2
NaN,5.7925,0.2
NaN,5.795,0.2
NaN,5.7975,0.2
NaN,5.8,0.2
NaN,5.8025,0.2
NaN,5.805,0.2
NaN,5.8075,0.2
NaN,5.81,0.2
NaN,5.8125,0.2
NaN,5.815,0.2
NaN,5.8175,0.2
NaN,5.82,0.2
NaN,5.8225,0.2
NaN,5.825,0.2
NaN,5.8275,0.2
NaN,5.83,0.2
NaN,5.8325,0.2
NaN,5.835,0.2
NaN,5.8375,0.2
NaN,5.84,0.2
NaN,5.8425,0.2
NaN,5.845,0.2
NaN,5.8475,0.2
NaN,5.85,0.2
NaN,5.8525,0.2
NaN,5.855,0.2
NaN,5.8575,0.2
NaN,5.86,0.2
NaN,5.8625,0.2
NaN,5.865,0.2
NaN,5.8675,0.2
NaN,5.87,0.2
NaN,5.8725,0.2
NaN,5.875,0.2
NaN,5.8775,0.2
NaN,5.88,0.2
NaN,5.8825,0.2
NaN,5.885,0.2
NaN,5.8875,0.2
NaN,5.89,0.2
NaN,5.8925,0.2
NaN,5.895,0.2
NaN,5.8975,0.2
NaN,5.9,0.2
NaN,5.9025,0.2
NaN,5.905,0.2
NaN,5.9075,0.2
NaN,5.91,0.2
NaN,5.9125,0.2
NaN,5.915,0.2
NaN,5.9175,0.2
NaN,5.92,0.2
NaN,5.9225,0.2
NaN,5.925,0.2
NaN,5.9275,0.2
NaN,5.93,0.2
NaN,5.9325,0.2
NaN,5.935,0.2
NaN,5.9375,0.2
NaN,5.94,0.2
NaN,5.9425,0.2
NaN,5.945,0.2
NaN,5.9475,0.2
NaN,5.95,0.2
NaN,5.9525,0.2
NaN,5.955,0.2
NaN,5.9575,0.2
NaN,5.96,0.2
NaN,5.9625,0.2
NaN,5.965,0.2
NaN,5.9675,0.2
NaN,5.97,0.2
NaN,5.9725,0.2
NaN,5.975,0.2
NaN,5.9775,0.2
NaN,5.98,0.2
NaN,5.9825,0.2
NaN,5.985,0.2
NaN,5.9875,0.2
NaN,5.99,0.2
NaN,5.9925,0.2
NaN,5.995,0.2
NaN,5.9975,0.2
NaN,6,0.2
NaN,6.0025,0.2
NaN,6.005,0.2
NaN,6.0075,0.2
NaN,6.01,0.2
NaN,6.0125,0.2
NaN,6.015,0.2
NaN,6.0175,0.2
NaN,6.02,0.2
NaN,6.0225,0.2
NaN,6.025,0.2
NaN,6.0275,0.2
NaN,6.03,0.2
NaN,6.0325,0.2
NaN,6.035,0.2
NaN,6.0375,0.2
NaN,6.04,0.2
NaN,6.0425,0.2
NaN,6.045,0.2
NaN,6.0475,0.2
NaN,6.05,0.2
NaN,6.0525,0.2
NaN,6.055,0.2
NaN,6.0575,0.2
NaN,6.06,0.2
NaN,6.0625,0.2
NaN,6.065,0.2
NaN,6.0675,0.2
NaN,6.07,0.2
NaN,6.0725,0.2
NaN,6.075,0.2
NaN,6.0775,0.2
NaN,6.08,0.2
NaN,6.0825,0.2
NaN,6.085,0.2
NaN,6.0875,0.2
NaN,6.09,0.2
NaN,6.0925,0.2
NaN,6.095,0.2
NaN,6.0975,0.2
NaN,6.1,0.2
NaN,6.1025,0.2
NaN,6.105,0.2
NaN,6.1075,0.2
NaN,6.11,0.2
NaN,6.1125,0.2
NaN,6.115,0.2
NaN,6.1175,0.2
NaN,6.12,0.2
NaN,6.1225,0.2
NaN,6.125,0.2
NaN,6.1275,0.2
NaN,6.13,0.2
NaN,6.1325,0.2
NaN,6.135,0.2
NaN,6.1375,0.2
NaN,6.14,0.2
NaN,6.1425,0.2
NaN,6.145,0.2
NaN,6.1475,0.2
NaN,6.15,0.2
NaN,6.1525,0.2
NaN,6.155,0.2
NaN,6.1575,0.2
NaN,6.16,0.2
NaN,6.1625,0.2
NaN,6.165,0.2
NaN,6.1675,0.2
NaN,6.17,0.2
NaN,6.1725,0.2
NaN,6.175,0.2
NaN,6.1775,0.2
NaN,6.18,0.2
NaN,6.1825,0.2
NaN,6.185,0.2
NaN,6.1875,0.2
NaN,6.19,0.2
NaN,6.1925,0.2
NaN,6.195,0.2
NaN,6.1975,0.2
NaN,6.2,0.2
NaN,6.2025,0.2
NaN,6.205,0.2
NaN,6.2075,0.2
NaN,6.21,0.2
NaN,6.2125,0.2
NaN,6.215,0.2
NaN,6.2175,0.2
NaN,6.22,0.2
NaN,6.2225,0.2
NaN,6.225,0.2
NaN,6.2275,0.2
NaN,6.23,0.2
NaN,6.2325,0.2
NaN,6.235,0.2
NaN,6.2375,0.2
NaN,6.24,0.2
NaN,6.2425,0.2
NaN,6.245,0.2
NaN,6.2475,0.2
NaN,6.25,0.2
NaN,6.2525,0.2
NaN,6.255,0.2
NaN,6.2575,0.2
NaN,6.26,0.2
NaN,6.2625,0.2
NaN,6.265,0.2
NaN,6.2675,0.2
NaN,6.27,0.2
NaN,6.2725,0.2
NaN,6.275,0.2
NaN,6.2775,0.2
NaN,6.28,0.2
NaN,6.2825,0.2
NaN,6.285,0.2
NaN,6.2875,0.2
NaN,6.29,0.2
NaN,6.2925,0.2
NaN,6.295,0.2
NaN,6.2975,0.2
NaN,6.3,0.2
NaN,6.3025,0.2
NaN,6.305,0.2
NaN,6.3075,0.2
NaN,6.31,0.2
NaN,6.3125,0.2
NaN,6.315,0.2
NaN,6.3175,0.2
NaN,6.32,0.2
NaN,6.3225,0.2
NaN,6.325,0.2
NaN,6.3275,0.2
NaN,6.33,0.2
NaN,6.3325,0.2
NaN,6.335,0.2
NaN,6.3375,0.2
NaN,6.34,0.2
NaN,6.3425,0.2
NaN,6.345,0.2
NaN,6.3475,0.2
NaN,6.35,0.2
NaN,6.3525,0.2
NaN,6.355,0.2
NaN,6.3575,0.2
NaN,6.36,0.2
NaN,6.3625,0.2
NaN,6.365,0.2
NaN,6.3675,0.2
NaN,6.37,0.2
NaN,6.3725,0.2
NaN,6.375,0.2
NaN,6.3775,0.2
NaN,6.38,0.2
NaN,6.3825,0.2
NaN,6.385,0.2
NaN,6.3875,0.2
NaN,6.39,0.2
NaN,6.3925,0.2
NaN,6.395,0.2
NaN,6.3975,0.2
NaN,6.4,0.2
NaN,6.4025,0.2
NaN,6.405,0.2
NaN,6.4075,0.2
NaN,6.41,0.2
NaN,6.4125,0.2
NaN,6.415,0.2
NaN,6.4175,0.2
NaN,6.42,0.2
NaN,6.4225,0.2
NaN,6.425,0.2
NaN,6.4275,0.2
NaN,6.43,0.2
NaN,6.4325,0.2
NaN,6.435,0.2
NaN,6.4375,0.2
NaN,6.44,0.2
NaN,6.4425,0.2
NaN,6.445,0.2
NaN,6.4475,0.2
NaN,6.45,0.2
NaN,6.4525,0.2
NaN,6.455,0.2
NaN,6.4575,0.2
NaN,6.46,0.2
NaN,6.4625,0.2
NaN,6.465,0.2
NaN,6.4675,0.2
NaN,6.47,0.2
NaN,6.4725,0.2
NaN,6.475,0.2
NaN,6.4775,0.2
NaN,6.48,0.2
NaN,6.4825,0.2
NaN,6.485,0.2
NaN,6.4875,0.2
NaN,6.49,0.2
NaN,6.4925,0.2
NaN,6.495,0.2
NaN,6.4975,0.2
NaN,6.5,0.2
NaN,6.5025,0.2
NaN,6.505,0.2
NaN,6.5075,0.2
NaN,6.51,0.2
NaN,6.5125,0.2
NaN,6.515,0.2
NaN,6.5175,0.2
NaN,6.52,0.2
NaN,6.5225,0.2
NaN,6.525,0.2
NaN,6.5275,0.2
NaN,6.53,0.2
NaN,6.5325,0.2
NaN,6.535,0.2
NaN,6.5375,0.2
NaN,6.54,0.2
NaN,6.5425,0.2
NaN,6.545,0.2
NaN,6.5475,0.2
NaN,6.55,0.2
NaN,6.5525,0.2
NaN,6.555,0.2
NaN,6.5575,0.2
NaN,6.56,0.2
NaN,6.5625,0.2
NaN,6.565,0.2
NaN,6.5675,0.2
NaN,6.57,0.2
NaN,6.5725,0.2
NaN,6.575,0.2
NaN,6.5775,0.2
NaN,6.58,0.2
NaN,6.5825,0.2
NaN,6.585,0.2
NaN,6.5875,0.2
NaN,6.59,0.2
NaN,6.5925,0.2
NaN,6.595,0.2
NaN,6.5975,0.2
NaN,6.6,0.2
NaN,6.6025,0.2
NaN,6.605,0.2
NaN,6.6075,0.2
NaN,6.61,0.2
NaN,6.6125,0.2
NaN,6.615,0.2
NaN,6.6175,0.2
NaN,6.62,0.2
NaN,6.6225,0.2
NaN,6.625,0.2
NaN,6.6275,0.2
NaN,6.63,0.2
NaN,6.6325,0.2
NaN,6.635,0.2
NaN,6.6375,0.2
NaN,6.64,0.2
NaN,6.6425,0.2
NaN,6.645,0.2
NaN,6.6475,0.2
NaN,6.65,0.2
NaN,6.6525,0.2
NaN,6.655,0.2
NaN,6.6575,0.2
NaN,6.66,0.2
NaN,6.6625,0.2
NaN,6.665,0.2
NaN,6.6675,0.2
NaN,6.67,0.2
NaN,6.6725,0.2
NaN,6.675,0.2
NaN,6.6775,0.2
NaN,6.68,0.2
NaN,6.6825,0.2
NaN,6.685,0.2
NaN,6.6875,0.2
NaN,6.69,0.2
NaN,6.6925,0.2
NaN,6.695,0.2
NaN,6.6975,0.2
NaN,6.7,0.2
NaN,6.7025,0.2
NaN,6.705,0.2
NaN,6.7075,0.2
NaN,6.71,0.2
NaN,6.7125,0.2
NaN,6.715,0.2
NaN,6.7175,0.2
NaN,6.72,0.2
NaN,6.7225,0.2
NaN,6.725,0.2
NaN,6.7275,0.2
NaN,6.73,0.2
NaN,6.7325,0.2
NaN,6.735,0.2
NaN,6.7375,0.2
NaN,6.74,0.2
NaN,6.7425,0.2
NaN,6.745,0.2
NaN,6.7475,0.2
NaN,6.75,0.2
NaN,6.7525,0.2
NaN,6.755,0.2
NaN,6.7575,0.2
NaN,6.76,0.2
NaN,6.7625,0.2
NaN,6.765,0.2
NaN,6.7675,0.2
NaN,6.77,0.2
NaN,6.7725,0.2
NaN,6.775,0.2
NaN,6.7775,0.2
NaN,6.78,0.2
NaN,6.7825,0.2
NaN,6.785,0.2
NaN,6.7875,0.2
NaN,6.79,0.2
NaN,6.7925,0.2
NaN,6.795,0.2
NaN,6.7975,0.2
NaN,6.8,0.2
NaN,6.8025,0.2
NaN,6.805,0.2
NaN,6.8075,0.2
NaN,6.81,0.2
NaN,6.8125,0.2
NaN,6.815,0.2
NaN,6.8175,0.2
NaN,6.82,0.2
NaN,6.8225,0.2
NaN,6.825,0.2
NaN,6.8275,0.2
NaN,6.83,0.2
NaN,6.8325,0.2
NaN,6.835,0.2
NaN,6.8375,0.2
NaN,6.84,0.2
NaN,6.8425,0.2
NaN,6.845,0.2
NaN,6.8475,0.2
NaN,6.85,0.2
NaN,6.8525,0.2
NaN,6.855,0.2
NaN,6.8575,0.2
NaN,6.86,0.2
NaN,6.8625,0.2
NaN,6.865,0.2
NaN,6.8675,0.2
NaN,6.87,0.2
NaN,6.8725,0.2
NaN,6.875,0.2
NaN,6.8775,0.2
NaN,6.88,0.2
NaN,6.8825,0.2
NaN,6.885,0.2
NaN,6.8875,0.2
NaN,6.89,0.2
NaN,6.8925,0.2
NaN,6.895,0.2
NaN,6.8975,0.2
NaN,6.9,0.2
NaN,6.9025,0.2
NaN,6.905,0.2
NaN,6.9075,0.2
NaN,6.91,0.2
NaN,6.9125,0.2
