radius,time,R0
0.209988254376986,0,0.21
0.209988254376986,0,0.21
0.206271056453906,0.0025,0.21
0.204787160426698,0.005,0.21
0.203523050561422,0.0075,0.21
0.202368928756116,0.01,0.21
0.201286127883375,0.0125,0.21
0.200255593738866,0.015,0.21
0.199262697763241,0.0175,0.21
0.198298429774249,0.02,0.21
0.197365500070977,0.0225,0.21
0.196457090556008,0.025,0.21
0.195572574061068,0.0275,0.21
0.194707146505777,0.03,0.21
0.193863942355276,0.0325,0.21
0.193040244073376,0.035,0.21
0.19223089526879,0.0375,0.21
0.191441074542615,0.04,0.21
0.190666908859414,0.0425,0.21
0.189909125455807,0.045,0.21
0.189165496010103,0.0475,0.21
0.188434076088098,0.05,0.21
0.187718071693712,0.0525,0.21
0.187015256018355,0.055,0.21
0.186329288686302,0.0575,0.21
0.185657253938975,0.06,0.21
0.184993841426709,0.0625,0.21
0.184344881424914,0.065,0.21
0.183708129851829,0.0675,0.21
0.183082325203752,0.07,0.21
0.182468188620305,0.0725,0.21
0.181860931207703,0.075,0.21
0.181267192300211,0.0775,0.21
0.180682402058526,0.08,0.21
0.180109402480988,0.0825,0.21
0.179547310831913,0.085,0.21
0.178995448247895,0.0875,0.21
0.178454449605277,0.09,0.21
0.177919172149047,0.0925,0.21
0.177392322945192,0.095,0.21
0.176876030936309,0.0975,0.21
0.176369495613671,0.1,0.21
0.175869825958567,0.1025,0.21
0.175378389874947,0.105,0.21
0.174895320579136,0.1075,0.21
0.174418505163623,0.11,0.21
0.173949648527079,0.1125,0.21
0.173490948731873,0.115,0.21
0.173036079890424,0.1175,0.21
0.172590321278627,0.12,0.21
0.172150068352471,0.1225,0.21
0.171717882963639,0.125,0.21
0.171292107001494,0.1275,0.21
0.17087174029021,0.13,0.21
0.170458037175118,0.1325,0.21
0.17005043487257,0.135,0.21
0.169650364940446,0.1375,0.21
0.169257404507867,0.14,0.21
0.168870852942318,0.1425,0.21
0.168488790441405,0.145,0.21
0.168110793702303,0.1475,0.21
0.167738571246063,0.15,0.21
0.167372037956429,0.1525,0.21
0.167010932957784,0.155,0.21
0.1666528813703,0.1575,0.21
0.16630121890387,0.16,0.21
0.165955838004522,0.1625,0.21
0.165614436578421,0.165,0.21
0.165275269314734,0.1675,0.21
0.164943338694759,0.17,0.21
0.164614150623582,0.1725,0.21
0.16429057868018,0.175,0.21
0.163960885123948,0.1775,0.21
0.163657713142014,0.18,0.21
0.163348363351328,0.1825,0.21
0.163042989667886,0.185,0.21
0.162740887710516,0.1875,0.21
0.162443034790718,0.19,0.21
0.162149317067497,0.1925,0.21
0.161860002283605,0.195,0.21
0.161574928460709,0.1975,0.21
0.161293925547757,0.2,0.21
0.161015597005786,0.2025,0.21
0.160738224410257,0.205,0.21
0.160464292343679,0.2075,0.21
0.160194379454473,0.21,0.21
0.15992836952105,0.2125,0.21
0.159666428283064,0.215,0.21
0.159408126575313,0.2175,0.21
0.15915192700471,0.22,0.21
0.158898737932174,0.2225,0.21
0.15864948997206,0.225,0.21
0.158404046296805,0.2275,0.21
0.158161751862248,0.23,0.21
0.157920299465896,0.2325,0.21
0.157680785750013,0.235,0.21
0.157445172210826,0.2375,0.21
0.157213519816446,0.24,0.21
0.156983268187444,0.2425,0.21
0.156755416708215,0.245,0.21
0.156531295174949,0.2475,0.21
0.156299956751024,0.25,0.21
0.156091759426466,0.2525,0.21
0.155875555195439,0.255,0.21
0.155661544222085,0.2575,0.21
0.155449617082031,0.26,0.21
0.155239942789397,0.2625,0.21
0.155032775273235,0.265,0.21
0.154827978262931,0.2675,0.21
0.154625594490977,0.27,0.21
0.154425641937582,0.2725,0.21
0.154228098157039,0.275,0.21
0.154032736026711,0.2775,0.21
0.153839173713165,0.28,0.21
0.153647538390492,0.2825,0.21
0.15345721951669,0.285,0.21
0.153268837893377,0.2875,0.21
0.15308237063061,0.29,0.21
0.152898251553713,0.2925,0.21
0.152716416328188,0.295,0.21
0.152536803118456,0.2975,0.21
0.152359352470145,0.3,0.21
0.15218400673216,0.3025,0.21
0.152010710147246,0.305,0.21
0.151839295989542,0.3075,0.21
0.151668703167068,0.31,0.21
0.151499601199211,0.3125,0.21
0.151331700270109,0.315,0.21
0.151165834046091,0.3175,0.21
0.151001873352437,0.32,0.21
0.150839572596424,0.3225,0.21
0.150678997983049,0.325,0.21
0.150520053402143,0.3275,0.21
0.150362269085227,0.33,0.21
0.150205280051043,0.3325,0.21
0.150049520401072,0.335,0.21
0.149894858908091,0.3375,0.21
0.149742236385465,0.34,0.21
0.149591656371209,0.3425,0.21
0.149443088421329,0.345,0.21
0.149294788517515,0.3475,0.21
0.149148158143645,0.35,0.21
0.149002842517474,0.3525,0.21
0.148859402758372,0.355,0.21
0.148716389749364,0.3575,0.21
0.148566169470029,0.36,0.21
0.148426885324699,0.3625,0.21
0.148288757011798,0.365,0.21
0.148163000453838,0.3675,0.21
0.14802728924348,0.37,0.21
0.147892652667453,0.3725,0.21
0.147759357668681,0.375,0.21
0.147627395011544,0.3775,0.21
0.147496634659181,0.38,0.21
0.147367083617879,0.3825,0.21
0.147238670761342,0.385,0.21
0.147111442137217,0.3875,0.21
0.146985383504598,0.39,0.21
0.146860400644844,0.3925,0.21
0.146736479380547,0.395,0.21
0.146613641297351,0.3975,0.21
0.146491852876532,0.4,0.21
0.146371149107996,0.4025,0.21
0.146251583917207,0.405,0.21
0.146133090663197,0.4075,0.21
0.146015241112316,0.41,0.21
0.145898316006941,0.4125,0.21
0.145782389071783,0.415,0.21
0.14566722453623,0.4175,0.21
0.145553016680444,0.42,0.21
0.145439780985809,0.4225,0.21
0.145327566649023,0.425,0.21
0.145216262626009,0.4275,0.21
0.1451059352342,0.43,0.21
0.144996549195958,0.4325,0.21
0.144888124867907,0.435,0.21
0.144780671145202,0.4375,0.21
0.144674170465791,0.44,0.21
0.144568605826322,0.4425,0.21
0.144463960552552,0.445,0.21
0.144360218256188,0.4475,0.21
0.144257337050243,0.45,0.21
0.144154751310117,0.4525,0.21
0.144052810512442,0.455,0.21
0.143951644610783,0.4575,0.21
0.143851151818971,0.46,0.21
0.143750976137063,0.4625,0.21
0.143651533447402,0.465,0.21
0.143552795760456,0.4675,0.21
0.143454806032822,0.47,0.21
0.143357536908355,0.4725,0.21
0.143260951247356,0.475,0.21
0.143165224889584,0.4775,0.21
0.143070267500145,0.48,0.21
0.142976162838536,0.4825,0.21
0.142882896620805,0.485,0.21
0.142790454899138,0.4875,0.21
0.142698439751887,0.49,0.21
0.142606679260291,0.4925,0.21
0.142515765579142,0.495,0.21
0.142425684780605,0.4975,0.21
0.142336120499305,0.5,0.21
0.142246960963956,0.5025,0.21
0.142158641834175,0.505,0.21
0.142071149480337,0.5075,0.21
0.141984470577269,0.51,0.21
0.141898592095729,0.5125,0.21
0.141813501294169,0.515,0.21
0.141729185710755,0.5175,0.21
0.141645308483684,0.52,0.21
0.141561222402204,0.5225,0.21
0.141477994465879,0.525,0.21
0.141395657138497,0.5275,0.21
0.141314184540241,0.53,0.21
0.141232802140015,0.5325,0.21
0.141152103454149,0.535,0.21
0.141072351167379,0.5375,0.21
0.140992447401246,0.54,0.21
0.140912178910379,0.5425,0.21
0.140834429117748,0.545,0.21
0.140746028027093,0.5475,0.21
0.140668722887922,0.55,0.21
0.140590635925798,0.5525,0.21
0.140513179622464,0.555,0.21
0.140437729080636,0.5575,0.21
0.140372780819361,0.56,0.21
0.140297453032956,0.5625,0.21
0.140222654881415,0.565,0.21
0.140148378957277,0.5675,0.21
0.140074617966981,0.57,0.21
0.140001364747671,0.5725,0.21
0.139928531767565,0.575,0.21
0.139856187661893,0.5775,0.21
0.139784279881806,0.58,0.21
0.139712822170981,0.5825,0.21
0.139641825440012,0.585,0.21
0.139571239922402,0.5875,0.21
0.139501126612842,0.59,0.21
0.139431406773983,0.5925,0.21
0.139362134826697,0.595,0.21
0.139293272264921,0.5975,0.21
0.139224855925994,0.6,0.21
0.13915688773501,0.6025,0.21
0.139089337110182,0.605,0.21
0.13902216696758,0.6075,0.21
0.138955404493784,0.61,0.21
0.138889072476177,0.6125,0.21
0.138823165135462,0.615,0.21
0.138757627248405,0.6175,0.21
0.138692502164451,0.62,0.21
0.138627651402879,0.6225,0.21
0.138563115944846,0.625,0.21
0.138498841531851,0.6275,0.21
0.138434927525715,0.63,0.21
0.138371401775626,0.6325,0.21
0.13830827484067,0.635,0.21
0.138245424677557,0.6375,0.21
0.138182894031205,0.64,0.21
0.138120558498195,0.6425,0.21
0.138058616128418,0.645,0.21
0.137997061976287,0.6475,0.21
0.137935891179573,0.65,0.21
0.137875056033108,0.6525,0.21
0.13781459400968,0.655,0.21
0.137754503672641,0.6575,0.21
0.137694780361106,0.66,0.21
0.137635419253138,0.6625,0.21
0.137576415842266,0.665,0.21
0.137517765844708,0.6675,0.21
0.137459465006084,0.67,0.21
0.137401509127646,0.6725,0.21
0.137343894072773,0.675,0.21
0.137286615705755,0.6775,0.21
0.137229669701594,0.68,0.21
0.137173051815206,0.6825,0.21
0.137116758257389,0.685,0.21
0.137060785270666,0.6875,0.21
0.137005129126445,0.69,0.21
0.136949786142667,0.6925,0.21
0.136894722791703,0.695,0.21
0.136839939459755,0.6975,0.21
0.136785460367042,0.7,0.21
0.136731281933212,0.7025,0.21
0.136677331461999,0.705,0.21
0.136623396616596,0.7075,0.21
0.13656967546414,0.71,0.21
0.136516046139197,0.7125,0.21
0.136462664434311,0.715,0.21
0.136409583122957,0.7175,0.21
0.136356772126734,0.72,0.21
0.136304191977088,0.7225,0.21
0.136251772906466,0.725,0.21
0.136199585134194,0.7275,0.21
0.136147520465316,0.73,0.21
0.136095674404893,0.7325,0.21
0.13604412051059,0.735,0.21
0.135992855482527,0.7375,0.21
0.135941876067587,0.74,0.21
0.135891179059461,0.7425,0.21
0.135840761298283,0.745,0.21
0.135790619670067,0.7475,0.21
0.135740751106052,0.75,0.21
0.135691152581982,0.7525,0.21
0.135641821117366,0.755,0.21
0.135592753774724,0.7575,0.21
0.135543947658829,0.76,0.21
0.135495399915954,0.7625,0.21
0.135447107733129,0.765,0.21
0.135399068337403,0.7675,0.21
0.135351278995123,0.77,0.21
0.135303737011224,0.7725,0.21
0.135256439728527,0.775,0.21
0.13520938452706,0.7775,0.21
0.135162568823383,0.78,0.21
0.135115990069933,0.7825,0.21
0.135069524384367,0.785,0.21
0.135023115537525,0.7875,0.21
0.134976753071823,0.79,0.21
0.134930611216415,0.7925,0.21
0.134884710456498,0.795,0.21
0.134839048249476,0.7975,0.21
0.134793622087455,0.8,0.21
0.134748429496636,0.8025,0.21
0.134703468036715,0.805,0.21
0.13465858534097,0.8075,0.21
0.134613838743474,0.81,0.21
0.134569140866197,0.8125,0.21
0.134524678439474,0.815,0.21
0.134480449019325,0.8175,0.21
0.134436439874526,0.82,0.21
0.134392629585663,0.8225,0.21
0.134349043225279,0.825,0.21
0.134305646582462,0.8275,0.21
0.134262473812152,0.83,0.21
0.134219522624613,0.8325,0.21
0.134176790760109,0.835,0.21
0.134134275988404,0.8375,0.21
0.134091955281426,0.84,0.21
0.134049830392247,0.8425,0.21
0.134007917253137,0.845,0.21
0.13396621360875,0.8475,0.21
0.133924493867273,0.85,0.21
0.133882672854694,0.8525,0.21
0.133840891780004,0.855,0.21
0.133799353248223,0.8575,0.21
0.133758054781029,0.86,0.21
0.133716926165484,0.8625,0.21
0.133676027603691,0.865,0.21
0.133635363320048,0.8675,0.21
0.133594901384457,0.87,0.21
0.133554622345836,0.8725,0.21
0.133514422534455,0.875,0.21
0.133474236913641,0.8775,0.21
0.133434107767061,0.88,0.21
0.133394231107221,0.8825,0.21
0.13335457916715,0.885,0.21
0.133315123097183,0.8875,0.21
0.133275888036758,0.89,0.21
0.133236565917267,0.8925,0.21
0.133196416494186,0.895,0.21
0.133156673332849,0.8975,0.21
0.133117586907715,0.9,0.21
0.13307914871233,0.9025,0.21
0.133041298551852,0.905,0.21
0.132992074241981,0.9075,0.21
0.132953789881747,0.91,0.21
0.132915693185663,0.9125,0.21
0.132877782289904,0.915,0.21
0.132840005478242,0.9175,0.21
0.132801929448003,0.92,0.21
0.13276335315145,0.9225,0.21
0.132725240910331,0.925,0.21
0.132687581192522,0.9275,0.21
0.132650389252436,0.93,0.21
0.132613691609814,0.9325,0.21
0.132587727966859,0.935,0.21
0.132550701475122,0.9375,0.21
0.132513795359389,0.94,0.21
0.132476981592457,0.9425,0.21
0.132440305058971,0.945,0.21
0.132403764403354,0.9475,0.21
0.132367358310295,0.95,0.21
0.132331085519743,0.9525,0.21
0.13229494477623,0.955,0.21
0.132258929741592,0.9575,0.21
0.132223034441096,0.96,0.21
0.132187267948489,0.9625,0.21
0.13215162905147,0.965,0.21
0.132116116550336,0.9675,0.21
0.132080729257897,0.97,0.21
0.132045465999347,0.9725,0.21
0.132010325612124,0.975,0.21
0.13197530694576,0.9775,0.21
0.131940408861724,0.98,0.21
0.131905630233265,0.9825,0.21
0.131870969945248,0.985,0.21
0.131836426893995,0.9875,0.21
0.131801999987127,0.99,0.21
0.131767688143406,0.9925,0.21
0.131733490292576,0.995,0.21
0.131699405375214,0.9975,0.21
0.13166543234257,1,0.21
0.131631570156425,1.0025,0.21
0.131597817788937,1.005,0.21
0.131564174222498,1.0075,0.21
0.131530638449586,1.01,0.21
0.131497209472631,1.0125,0.21
0.13146388630387,1.015,0.21
0.131430667965208,1.0175,0.21
0.131397553488091,1.02,0.21
0.131364541913365,1.0225,0.21
0.131331632291148,1.025,0.21
0.131298823680702,1.0275,0.21
0.131266115150305,1.03,0.21
0.131233505777127,1.0325,0.21
0.131200945616461,1.035,0.21
0.131168410420476,1.0375,0.21
0.131135973326227,1.04,0.21
0.131103633430422,1.0425,0.21
0.131071346657364,1.045,0.21
0.131039115496432,1.0475,0.21
0.131006980017674,1.05,0.21
0.130974939315104,1.0525,0.21
0.130942992540065,1.055,0.21
0.130911138787293,1.0575,0.21
0.130879377108099,1.06,0.21
0.130847706685959,1.0625,0.21
0.130816126695499,1.065,0.21
0.130784578946659,1.0675,0.21
0.130753103271827,1.07,0.21
0.130721716711972,1.0725,0.21
0.130690418448949,1.075,0.21
0.130659152422094,1.0775,0.21
0.130627949621797,1.08,0.21
0.130596833846711,1.0825,0.21
0.130565804182996,1.085,0.21
0.130534859826758,1.0875,0.21
0.130504000012515,1.09,0.21
0.130473223931832,1.0925,0.21
0.130442530712248,1.095,0.21
0.130411919615687,1.0975,0.21
0.130381389898501,1.1,0.21
0.130350940815786,1.1025,0.21
0.13032057162589,1.105,0.21
0.130290259662944,1.1075,0.21
0.130260015652236,1.11,0.21
0.130229850018048,1.1125,0.21
0.1301997620344,1.115,0.21
0.130169750981085,1.1175,0.21
0.130139816143685,1.12,0.21
0.130109956813548,1.1225,0.21
0.130080172287756,1.125,0.21
0.130050429777028,1.1275,0.21
0.13002076021648,1.13,0.21
0.12999116403964,1.1325,0.21
0.129961640561004,1.135,0.21
0.129932169880391,1.1375,0.21
0.129902758580211,1.14,0.21
0.129873418589925,1.1425,0.21
0.129844149240917,1.145,0.21
0.129814949869868,1.1475,0.21
0.129785819818697,1.15,0.21
0.129756758434487,1.1525,0.21
0.129727765069426,1.155,0.21
0.129698819615244,1.1575,0.21
0.129669928827756,1.16,0.21
0.129641104760249,1.1625,0.21
0.129612346780255,1.165,0.21
0.129583632604923,1.1675,0.21
0.129554961033645,1.17,0.21
0.129526354263086,1.1725,0.21
0.129497811640792,1.175,0.21
0.129469332481354,1.1775,0.21
0.1294409161542,1.18,0.21
0.129412557027348,1.1825,0.21
0.1293842188017,1.185,0.21
0.129355942218299,1.1875,0.21
0.129327726693789,1.19,0.21
0.129299571551731,1.1925,0.21
0.129271476179357,1.195,0.21
0.129243440019722,1.1975,0.21
0.129215462505503,1.2,0.21
0.129187514411484,1.2025,0.21
0.129159610540825,1.205,0.21
0.129131764169148,1.2075,0.21
0.129103974680897,1.21,0.21
0.129076109773268,1.2125,0.21
0.129048297487384,1.215,0.21
0.1290205400332,1.2175,0.21
0.128992780381293,1.22,0.21
0.128964998486407,1.2225,0.21
0.128937273499728,1.225,0.21
0.128909604777483,1.2275,0.21
0.128881991709468,1.23,0.21
0.128854433785052,1.2325,0.21
0.128826930477902,1.235,0.21
0.128799481254966,1.2375,0.21
0.128772085582085,1.24,0.21
0.12874474292601,1.2425,0.21
0.128717452755363,1.245,0.21
0.128690214541167,1.2475,0.21
0.128662978251996,1.25,0.21
0.128635758368848,1.2525,0.21
0.128608590024327,1.255,0.21
0.128581472694752,1.2575,0.21
0.128554346549822,1.26,0.21
0.128527238823364,1.2625,0.21
0.128500181737201,1.265,0.21
0.128473174731085,1.2675,0.21
0.12844621720546,1.27,0.21
0.128419296554857,1.2725,0.21
0.128392411236781,1.275,0.21
0.128365574420054,1.2775,0.21
0.128338785603781,1.28,0.21
0.128312044288951,1.2825,0.21
0.128285349978882,1.285,0.21
0.128258702179446,1.2875,0.21
0.128232100399178,1.29,0.21
0.128205544149335,1.2925,0.21
0.128179032943917,1.295,0.21
0.128152555097463,1.2975,0.21
0.128126107121826,1.3,0.21
0.128099703235222,1.3025,0.21
0.128073333420597,1.305,0.21
0.128046991583503,1.3075,0.21
0.128020692889655,1.31,0.21
0.127994436867097,1.3125,0.21
0.127968223046513,1.315,0.21
0.127942050961193,1.3175,0.21
0.127915920146997,1.32,0.21
0.127889830142325,1.3225,0.21
0.127863780488078,1.325,0.21
0.127837770727627,1.3275,0.21
0.12781179880588,1.33,0.21
0.127785842496746,1.3325,0.21
0.127759925191222,1.335,0.21
0.127734046440061,1.3375,0.21
0.127708205796349,1.34,0.21
0.127682402815468,1.3425,0.21
0.12765663705507,1.345,0.21
0.127630908075038,1.3475,0.21
0.127605215437454,1.35,0.21
0.127579558706572,1.3525,0.21
0.127553937448782,1.355,0.21
0.127528351232578,1.3575,0.21
0.127502799628531,1.36,0.21
0.127477278600399,1.3625,0.21
0.127451772134604,1.365,0.21
0.127426292195959,1.3675,0.21
0.12740067803515,1.37,0.21
0.127375099426596,1.3725,0.21
0.127349555946092,1.375,0.21
0.127323939700709,1.3775,0.21
0.127298340884949,1.38,0.21
0.127272777916311,1.3825,0.21
0.127247250369074,1.385,0.21
0.127221757819312,1.3875,0.21
0.127196299844929,1.39,0.21
0.127170866335384,1.3925,0.21
0.127145445764031,1.395,0.21
0.127120044321725,1.3975,0.21
0.127094676483769,1.4,0.21
0.127069341798709,1.4025,0.21
0.127044039878761,1.405,0.21
0.127018770322621,1.4075,0.21
0.126993532725926,1.41,0.21
0.126968234192792,1.4125,0.21
0.126942950981052,1.415,0.21
0.126917700292032,1.4175,0.21
0.126892412366019,1.42,0.21
0.12686710427856,1.4225,0.21
0.126841820937165,1.425,0.21
0.126816556481504,1.4275,0.21
0.12679132474624,1.43,0.21
0.126766125270926,1.4325,0.21
0.126740957676073,1.435,0.21
0.126715821568939,1.4375,0.21
0.126690716554063,1.44,0.21
0.126665642235757,1.4425,0.21
0.126640598218952,1.445,0.21
0.126615584109576,1.4475,0.21
0.126590599514755,1.45,0.21
0.126565644042913,1.4525,0.21
0.126540717303836,1.455,0.21
0.126515818908699,1.4575,0.21
0.126490943459869,1.46,0.21
0.126466053622117,1.4625,0.21
0.126441191478698,1.465,0.21
0.126416356644686,1.4675,0.21
0.126391548736554,1.47,0.21
0.126366767372149,1.4725,0.21
0.126342012170681,1.475,0.21
0.126317261123239,1.4775,0.21
0.12629250796063,1.48,0.21
0.126267780335002,1.4825,0.21
0.126243047129225,1.485,0.21
0.126218338546268,1.4875,0.21
0.126193455576726,1.49,0.21
0.126168536395204,1.4925,0.21
0.126143546046921,1.495,0.21
0.126118491353716,1.4975,0.21
0.126093473878922,1.5,0.21
0.126068477528052,1.5025,0.21
0.126043487151258,1.505,0.21
0.126018501455269,1.5075,0.21
0.125993552385587,1.51,0.21
0.12596863956943,1.5125,0.21
0.125943762635709,1.515,0.21
0.125918921215005,1.5175,0.21
0.125894088147421,1.52,0.21
0.125869261389358,1.5225,0.21
0.125844446047666,1.525,0.21
0.125819665564847,1.5275,0.21
0.125794919556929,1.53,0.21
0.125770207681558,1.5325,0.21
0.125745412259716,1.535,0.21
0.125720602025351,1.5375,0.21
0.125695747457923,1.54,0.21
0.125670817484272,1.5425,0.21
0.125645926563034,1.545,0.21
0.125621050962115,1.5475,0.21
0.125596218255117,1.55,0.21
0.125571428107518,1.5525,0.21
0.125546680179792,1.555,0.21
0.125521974131704,1.5575,0.21
0.125497309623552,1.56,0.21
0.125472686316693,1.5625,0.21
0.125447603321864,1.565,0.21
0.125422158042091,1.5675,0.21
0.125396733940426,1.57,0.21
0.125371515789884,1.5725,0.21
0.125346503469204,1.575,0.21
0.125321696859607,1.5775,0.21
0.125297095822617,1.58,0.21
0.125272700206158,1.5825,0.21
0.125248509846091,1.585,0.21
0.125224524566796,1.5875,0.21
0.125188135514066,1.59,0.21
0.12516346309932,1.5925,0.21
0.125138808157995,1.595,0.21
0.125114170353909,1.5975,0.21
0.125089549345321,1.6,0.21
0.125064944788677,1.6025,0.21
0.125040356339753,1.605,0.21
0.125015783654139,1.6075,0.21
0.124990935271993,1.61,0.21
0.124965723763151,1.6125,0.21
0.124940389556044,1.615,0.21
0.12491521025898,1.6175,0.21
0.124890185811825,1.62,0.21
0.124865316144502,1.6225,0.21
0.124840601176905,1.625,0.21
0.124816040818789,1.6275,0.21
0.124791634969687,1.63,0.21
0.124767383518811,1.6325,0.21
0.124753479648442,1.635,0.21
0.124728670427791,1.6375,0.21
0.124703855670286,1.64,0.21
0.124679034995921,1.6425,0.21
0.124654208024051,1.645,0.21
0.124629374373374,1.6475,0.21
0.124604533661901,1.65,0.21
0.124579685506937,1.6525,0.21
0.124554829525052,1.655,0.21
0.124529965332058,1.6575,0.21
0.124505092542982,1.66,0.21
0.124480210772045,1.6625,0.21
0.12445531963263,1.665,0.21
0.124430418737259,1.6675,0.21
0.124405507697568,1.67,0.21
0.124380586124278,1.6725,0.21
0.124355653627171,1.675,0.21
0.12433070981506,1.6775,0.21
0.124305754295767,1.68,0.21
0.124280786676091,1.6825,0.21
0.124255806561783,1.685,0.21
0.124230813557519,1.6875,0.21
0.124205807266871,1.69,0.21
0.124180787292281,1.6925,0.21
0.12415575323503,1.695,0.21
0.124130704695213,1.6975,0.21
0.124105641271709,1.7,0.21
0.124080562562152,1.7025,0.21
0.124055468162903,1.705,0.21
0.12403035766902,1.7075,0.21
0.124005230674231,1.71,0.21
0.123980086770902,1.7125,0.21
0.123954925550007,1.715,0.21
0.1239297466011,1.7175,0.21
0.123904549512285,1.72,0.21
0.123879333870184,1.7225,0.21
0.123854099259906,1.725,0.21
0.123828839079682,1.7275,0.21
0.123803528720347,1.73,0.21
0.123778106321927,1.7325,0.21
0.123752664449955,1.735,0.21
0.123727202682266,1.7375,0.21
0.123701720595065,1.74,0.21
0.123676217762891,1.7425,0.21
0.123650665661568,1.745,0.21
0.123625050539476,1.7475,0.21
0.123599413990571,1.75,0.21
0.123573755521708,1.7525,0.21
0.123548044687165,1.755,0.21
0.123522311556388,1.7575,0.21
0.123496555692742,1.76,0.21
0.123470776657726,1.7625,0.21
0.123444960086848,1.765,0.21
0.123419104434554,1.7675,0.21
0.123393224716776,1.77,0.21
0.123367314867765,1.7725,0.21
0.123341321135714,1.775,0.21
0.123315302591116,1.7775,0.21
0.123289258783207,1.78,0.21
0.123263189259138,1.7825,0.21
0.123237093563936,1.785,0.21
0.123210939681468,1.7875,0.21
0.123184710768592,1.79,0.21
0.123158434663846,1.7925,0.21
0.123132131591978,1.795,0.21
0.12310580108895,1.7975,0.21
0.12307944268844,1.8,0.21
0.123053055910384,1.8025,0.21
0.123026640173606,1.805,0.21
0.123000195009779,1.8075,0.21
0.12297371995923,1.81,0.21
0.122947214550426,1.8125,0.21
0.122920678298492,1.815,0.21
0.122894110612727,1.8175,0.21
0.122867511006336,1.82,0.21
0.122840879008894,1.8225,0.21
0.122814214136554,1.825,0.21
0.122787515899149,1.8275,0.21
0.122760783801965,1.83,0.21
0.12273401734644,1.8325,0.21
0.122707216030487,1.835,0.21
0.122680379348662,1.8375,0.21
0.12265350679225,1.84,0.21
0.122626597849305,1.8425,0.21
0.122599652004659,1.845,0.21
0.122572647250816,1.8475,0.21
0.122545582784007,1.85,0.21
0.122518480198909,1.8525,0.21
0.12249133886747,1.855,0.21
0.122464158278886,1.8575,0.21
0.122436937877291,1.86,0.21
0.122409677035925,1.8625,0.21
0.122382375244365,1.865,0.21
0.122354992094625,1.8675,0.21
0.122327535482361,1.87,0.21
0.122300034983992,1.8725,0.21
0.122272492329477,1.875,0.21
0.122244906939881,1.8775,0.21
0.122217278144195,1.88,0.21
0.122189605398334,1.8825,0.21
0.122161874941301,1.885,0.21
0.122134069013462,1.8875,0.21
0.122106217907441,1.89,0.21
0.122078320938218,1.8925,0.21
0.122050372735588,1.895,0.21
0.122022353378353,1.8975,0.21
0.121994286080286,1.9,0.21
0.121966143370436,1.9025,0.21
0.121937915716344,1.905,0.21
0.121909630768438,1.9075,0.21
0.121881297341191,1.91,0.21
0.121852913944671,1.9125,0.21
0.121824467743108,1.915,0.21
0.121795971336363,1.9175,0.21
0.121767424134798,1.92,0.21
0.121738825526527,1.9225,0.21
0.121710174888961,1.925,0.21
0.121681458422111,1.9275,0.21
0.121652672387549,1.93,0.21
0.121623832924484,1.9325,0.21
0.121594939388349,1.935,0.21
0.121565991129213,1.9375,0.21
0.121536869952512,1.94,0.21
0.121507645594008,1.9425,0.21
0.121478353359411,1.945,0.21
0.121449005578347,1.9475,0.21
0.121419532346403,1.95,0.21
0.121389965470214,1.9525,0.21
0.121360342037544,1.955,0.21
0.121330661328573,1.9575,0.21
0.121300922653485,1.96,0.21
0.121271125205302,1.9625,0.21
0.121241268309075,1.965,0.21
0.121211351170864,1.9675,0.21
0.12118136948735,1.97,0.21
0.121151314984388,1.9725,0.21
0.121121198398117,1.975,0.21
0.121090978332535,1.9775,0.21
0.121060637204467,1.98,0.21
0.121030232864582,1.9825,0.21
0.120999764468079,1.985,0.21
0.12096919003685,1.9875,0.21
0.120938482855615,1.99,0.21
0.120907710461796,1.9925,0.21
0.12087687210823,1.995,0.21
0.120845967038985,1.9975,0.21
0.120814994486987,2,0.21
0.120783953558472,2.0025,0.21
0.120752843453771,2.005,0.21
0.120721663333227,2.0075,0.21
0.120690412327356,2.01,0.21
0.120659089532327,2.0125,0.21
0.120627694065799,2.015,0.21
0.120596225156822,2.0175,0.21
0.120564682002781,2.02,0.21
0.12053306378289,2.0225,0.21
0.120501369663843,2.025,0.21
0.120469598801768,2.0275,0.21
0.120437750343112,2.03,0.21
0.120405823425089,2.0325,0.21
0.120373817175898,2.035,0.21
0.120341730714824,2.0375,0.21
0.120309563152257,2.04,0.21
0.120277313589667,2.0425,0.21
0.120244981119536,2.045,0.21
0.120212564825277,2.0475,0.21
0.120180063756839,2.05,0.21
0.120147476841008,2.0525,0.21
0.120114803151558,2.055,0.21
0.120082041752079,2.0575,0.21
0.12004919168635,2.06,0.21
0.12001625198475,2.0625,0.21
0.119983221665918,2.065,0.21
0.119950099737347,2.0675,0.21
0.119916885195599,2.07,0.21
0.119883577026364,2.0725,0.21
0.11985017420443,2.075,0.21
0.119816675693601,2.0775,0.21
0.119783080446583,2.08,0.21
0.119749183800325,2.0825,0.21
0.119715150250486,2.085,0.21
0.119681002434754,2.0875,0.21
0.119646596525398,2.09,0.21
0.119612095109287,2.0925,0.21
0.119577497141088,2.095,0.21
0.119542765905266,2.0975,0.21
0.119507926524808,2.1,0.21
0.119472988096302,2.1025,0.21
0.119437949536126,2.105,0.21
0.119402809749122,2.1075,0.21
0.119367567628415,2.11,0.21
0.119332222055227,2.1125,0.21
0.11929667364406,2.115,0.21
0.119260837620146,2.1175,0.21
0.119224899089868,2.12,0.21
0.11918872214328,2.1225,0.21
0.119152379189761,2.125,0.21
0.119115900244913,2.1275,0.21
0.119079253270439,2.13,0.21
0.119042492121964,2.1325,0.21
0.119005626323715,2.135,0.21
0.118968654735625,2.1375,0.21
0.118931576205449,2.14,0.21
0.118894369778381,2.1425,0.21
0.118857023682542,2.145,0.21
0.11881949644132,2.1475,0.21
0.118781859172989,2.15,0.21
0.118744110679128,2.1525,0.21
0.118706249748238,2.155,0.21
0.118668275155522,2.1575,0.21
0.118630110999189,2.16,0.21
0.118591828577391,2.1625,0.21
0.118553429627174,2.165,0.21
0.118514912878456,2.1675,0.21
0.118476211728363,2.17,0.21
0.11843702025375,2.1725,0.21
0.118397548839161,2.175,0.21
0.11835781781055,2.1775,0.21
0.118317993733105,2.18,0.21
0.118278075742219,2.1825,0.21
0.118238062941554,2.185,0.21
0.118197954417882,2.1875,0.21
0.118157749246229,2.19,0.21
0.118117446349791,2.1925,0.21
0.118077044723522,2.195,0.21
0.118036543451618,2.1975,0.21
0.11799590254253,2.2,0.21
0.117954906843818,2.2025,0.21
0.117913622788491,2.205,0.21
0.11787210621268,2.2075,0.21
0.117830512926858,2.21,0.21
0.117788842384105,2.2125,0.21
0.117747094022627,2.215,0.21
0.117705267274621,2.2175,0.21
0.117662660737556,2.22,0.21
0.117618948497746,2.2225,0.21
0.117575522496803,2.225,0.21
0.117532509838033,2.2275,0.21
0.117489894802394,2.23,0.21
0.117447682450881,2.2325,0.21
0.117393091042432,2.235,0.21
0.117349601936506,2.2375,0.21
0.117305965107655,2.24,0.21
0.117262178962201,2.2425,0.21
0.11721824188577,2.245,0.21
0.117173578859142,2.2475,0.21
0.117127820884522,2.25,0.21
0.117082135631104,2.2525,0.21
0.117036742119483,2.255,0.21
0.116991665077259,2.2575,0.21
0.116946910716739,2.26,0.21
0.116912311820037,2.2625,0.21
0.116866197898321,2.265,0.21
0.116819843022518,2.2675,0.21
0.116773216695896,2.27,0.21
0.11672635954232,2.2725,0.21
0.1166792686302,2.275,0.21
0.116631940980522,2.2775,0.21
0.116584373565821,2.28,0.21
0.116536563309127,2.2825,0.21
0.116488507082879,2.285,0.21
0.116440157689304,2.2875,0.21
0.116391347486977,2.29,0.21
0.116342285139598,2.2925,0.21
0.11629296736438,2.295,0.21
0.116243293191958,2.2975,0.21
0.116193314166812,2.3,0.21
0.116143068486866,2.3025,0.21
0.116092479574451,2.305,0.21
0.11604158836779,2.3075,0.21
0.115990425962649,2.31,0.21
0.115938882085554,2.3125,0.21
0.115887034352538,2.315,0.21
0.115834906112379,2.3175,0.21
0.115782406500776,2.32,0.21
0.115729504188056,2.3225,0.21
0.115676311169305,2.325,0.21
0.11562274794981,2.3275,0.21
0.115568879597848,2.33,0.21
0.115514712605392,2.3325,0.21
0.115460242753789,2.335,0.21
0.11540541247818,2.3375,0.21
0.115350229874814,2.34,0.21
0.115294733507617,2.3425,0.21
0.115238919029664,2.345,0.21
0.11518269712416,2.3475,0.21
0.115126142463839,2.35,0.21
0.115069257505007,2.3525,0.21
0.115012037446302,2.355,0.21
0.114954401479862,2.3575,0.21
0.114896399766642,2.36,0.21
0.114838050455363,2.3625,0.21
0.114779348564721,2.365,0.21
0.114720288972794,2.3675,0.21
0.114660866219905,2.37,0.21
0.114601075038432,2.3725,0.21
0.114540909970341,2.375,0.21
0.114480365277724,2.3775,0.21
0.114419435405912,2.38,0.21
0.114358114650344,2.3825,0.21
0.114296397172622,2.385,0.21
0.114234277007698,2.3875,0.21
0.114171748064009,2.39,0.21
0.114108804121713,2.3925,0.21
0.114045437189925,2.395,0.21
0.113981297573387,2.3975,0.21
0.11391672906086,2.4,0.21
0.11385150324219,2.4025,0.21
0.113785812212978,2.405,0.21
0.113719676728408,2.4075,0.21
0.113653089847602,2.41,0.21
0.1135860444808,2.4125,0.21
0.113518366155803,2.415,0.21
0.113450153446657,2.4175,0.21
0.113381285177659,2.42,0.21
0.113311858982249,2.4225,0.21
0.113241946922311,2.425,0.21
0.113171540932033,2.4275,0.21
0.113100632740612,2.43,0.21
0.113029214028558,2.4325,0.21
0.112957206173693,2.435,0.21
0.112884644538165,2.4375,0.21
0.112811550137761,2.44,0.21
0.112737914129053,2.4425,0.21
0.112663630897582,2.445,0.21
0.112588775888632,2.4475,0.21
0.112513256752747,2.45,0.21
0.112437164424538,2.4525,0.21
0.112360489177359,2.455,0.21
0.112283177662259,2.4575,0.21
0.112205198654357,2.46,0.21
0.112126324010136,2.4625,0.21
0.112046362061389,2.465,0.21
0.111965354571821,2.4675,0.21
0.11188356589014,2.47,0.21
0.111801167888339,2.4725,0.21
0.111718138212738,2.475,0.21
0.111634233132528,2.4775,0.21
0.111549383300234,2.48,0.21
0.111463364840504,2.4825,0.21
0.111376616518569,2.485,0.21
0.111289136702988,2.4875,0.21
0.11120101865958,2.49,0.21
0.111112251300534,2.4925,0.21
0.111022780107532,2.495,0.21
0.110932508258355,2.4975,0.21
0.110841517755264,2.5,0.21
0.110749683555992,2.5025,0.21
0.110655901841315,2.505,0.21
0.110560878761053,2.5075,0.21
0.110465319389222,2.51,0.21
0.110369115280319,2.5125,0.21
0.110272371973236,2.515,0.21
0.110174471765291,2.5175,0.21
0.110075087203966,2.52,0.21
0.109975267361414,2.5225,0.21
0.109874125450032,2.525,0.21
0.109769733352585,2.5275,0.21
0.109667735673666,2.53,0.21
0.109553228585974,2.5325,0.21
0.109448767292164,2.535,0.21
0.109342255839105,2.5375,0.21
0.109233221415117,2.54,0.21
0.109126081975207,2.5425,0.21
0.10902765034087,2.545,0.21
0.108916266805273,2.5475,0.21
0.108803325582306,2.55,0.21
0.108689089313832,2.5525,0.21
0.108573325184068,2.555,0.21
0.108456030763202,2.5575,0.21
0.108336987194484,2.56,0.21
0.108216596341983,2.5625,0.21
0.108094755639848,2.565,0.21
0.107971467827257,2.5675,0.21
0.107846796547214,2.57,0.21
0.107720706819445,2.5725,0.21
0.107593162125059,2.575,0.21
0.107464124279258,2.5775,0.21
0.107333553742622,2.58,0.21
0.107201409914715,2.5825,0.21
0.107067650314279,2.585,0.21
0.106932230724281,2.5875,0.21
0.106795105097848,2.59,0.21
0.106656226210327,2.5925,0.21
0.106515053804424,2.595,0.21
0.10637131989122,2.5975,0.21
0.106225239518496,2.6,0.21
0.106077014736858,2.6025,0.21
0.105926294831889,2.605,0.21
0.105772882095913,2.6075,0.21
0.10561743130014,2.61,0.21
0.105459956549972,2.6125,0.21
0.10530020388819,2.615,0.21
0.105138288434887,2.6175,0.21
0.104973560329068,2.62,0.21
0.104806252214193,2.6225,0.21
0.104636353135435,2.625,0.21
0.104463212597692,2.6275,0.21
0.104285874697456,2.63,0.21
0.104105992233638,2.6325,0.21
0.103923336135516,2.635,0.21
0.103737025179217,2.6375,0.21
0.103548276088281,2.64,0.21
0.103357174924754,2.6425,0.21
0.10316365130267,2.645,0.21
0.102966686607668,2.6475,0.21
0.102764132340849,2.65,0.21
0.102559727383275,2.6525,0.21
0.102351440184725,2.655,0.21
0.102140227029,2.6575,0.21
0.101921194883475,2.66,0.21
0.101691466887533,2.6625,0.21
0.101463689035716,2.665,0.21
0.101246035949967,2.6675,0.21
0.101010063050363,2.67,0.21
0.100769676611602,2.6725,0.21
0.100524848839507,2.675,0.21
0.100275170243334,2.6775,0.21
0.100020398617943,2.68,0.21
0.0997599056659749,2.6825,0.21
0.0994937803310134,2.685,0.21
0.0992218317713474,2.6875,0.21
0.0989427737295756,2.69,0.21
0.0986564144793633,2.6925,0.21
0.0983627687450724,2.695,0.21
0.0980618238811807,2.6975,0.21
0.0977538373168637,2.7,0.21
0.0974384003304828,2.7025,0.21
0.0971156749133321,2.705,0.21
0.0967843202899966,2.7075,0.21
0.0964426552133868,2.71,0.21
0.0960910153097309,2.7125,0.21
0.0957312962091309,2.715,0.21
0.0953635315836985,2.7175,0.21
0.0949802530833443,2.72,0.21
0.0945865908536693,2.7225,0.21
0.0941771146417111,2.725,0.21
0.0937471080272286,2.7275,0.21
0.0933241034590271,2.73,0.21
0.092877090660255,2.7325,0.21
0.0924170478887159,2.735,0.21
0.0919429138360668,2.7375,0.21
0.0914507480060894,2.74,0.21
0.0909362156783594,2.7425,0.21
0.0904004521538294,2.745,0.21
0.0898469356787076,2.7475,0.21
0.0892730923064509,2.75,0.21
0.0886681714411914,2.7525,0.21
0.088035684591735,2.755,0.21
0.0873768310741914,2.7575,0.21
0.0866829248308401,2.76,0.21
0.0859460285977054,2.7625,0.21
0.0852010350975141,2.765,0.21
0.0844054591227033,2.7675,0.21
0.0835532568645251,2.77,0.21
0.0826500697327588,2.7725,0.21
0.0816947949607423,2.775,0.21
0.0806693290074629,2.7775,0.21
0.07957147935905,2.78,0.21
0.0783943074959822,2.7825,0.21
0.0771145336866861,2.785,0.21
0.0757092704468427,2.7875,0.21
0.0741850390803538,2.79,0.21
0.0724739551850163,2.7925,0.21
0.070532562320407,2.795,0.21
0.0683457654621984,2.7975,0.21
0.0657672061285837,2.8,0.21
0.0626303131821214,2.8025,0.21
0.0586232925091467,2.805,0.21
0.0528791658065753,2.8075,0.21
0.0413820054997821,2.81,0.21
NaN,2.8125,0.21
NaN,2.815,0.21
NaN,2.8175,0.21
NaN,2.82,0.21
NaN,2.8225,0.21
NaN,2.825,0.21
NaN,2.8275,0.21
NaN,2.83,0.21
NaN,2.8325,0.21
NaN,2.835,0.21
NaN,2.8375,0.21
NaN,2.84,0.21
NaN,2.8425,0.21
NaN,2.845,0.21
NaN,2.8475,0.21
NaN,2.85,0.21
NaN,2.8525,0.21
NaN,2.855,0.21
NaN,2.8575,0.21
NaN,2.86,0.21
NaN,2.8625,0.21
NaN,2.865,0.21
NaN,2.8675,0.21
NaN,2.87,0.21
NaN,2.8725,0.21
NaN,2.875,0.21
NaN,2.8775,0.21
NaN,2.88,0.21
NaN,2.8825,0.21
NaN,2.885,0.21
NaN,2.8875,0.21
NaN,2.89,0.21
NaN,2.8925,0.21
NaN,2.895,0.21
NaN,2.8975,0.21
NaN,2.9,0.21
NaN,2.9025,0.21
NaN,2.905,0.21
NaN,2.9075,0.21
NaN,2.91,0.21
NaN,2.9125,0.21
NaN,2.915,0.21
NaN,2.9175,0.21
NaN,2.92,0.21
NaN,2.9225,0.21
NaN,2.925,0.21
NaN,2.9275,0.21
NaN,2.93,0.21
NaN,2.9325,0.21
NaN,2.935,0.21
NaN,2.9375,0.21
NaN,2.94,0.21
NaN,2.9425,0.21
NaN,2.945,0.21
NaN,2.9475,0.21
NaN,2.95,0.21
NaN,2.9525,0.21
NaN,2.955,0.21
NaN,2.9575,0.21
NaN,2.96,0.21
NaN,2.9625,0.21
NaN,2.965,0.21
NaN,2.9675,0.21
NaN,2.97,0.21
NaN,2.9725,0.21
NaN,2.975,0.21
NaN,2.9775,0.21
NaN,2.98,0.21
NaN,2.9825,0.21
NaN,2.985,0.21
NaN,2.9875,0.21
NaN,2.99,0.21
NaN,2.9925,0.21
NaN,2.995,0.21
NaN,2.9975,0.21
NaN,3,0.21
NaN,3.0025,0.21
NaN,3.005,0.21
NaN,3.0075,0.21
NaN,3.01,0.21
NaN,3.0125,0.21
NaN,3.015,0.21
NaN,3.0175,0.21
NaN,3.02,0.21
NaN,3.0225,0.21
NaN,3.025,0.21
NaN,3.0275,0.21
NaN,3.03,0.21
NaN,3.0325,0.21
NaN,3.035,0.21
NaN,3.0375,0.21
NaN,3.04,0.21
NaN,3.0425,0.21
NaN,3.045,0.21
NaN,3.0475,0.21
NaN,3.05,0.21
NaN,3.0525,0.21
NaN,3.055,0.21
NaN,3.0575,0.21
NaN,3.06,0.21
NaN,3.0625,0.21
NaN,3.065,0.21
NaN,3.0675,0.21
NaN,3.07,0.21
NaN,3.0725,0.21
NaN,3.075,0.21
NaN,3.0775,0.21
NaN,3.08,0.21
NaN,3.0825,0.21
NaN,3.085,0.21
NaN,3.0875,0.21
NaN,3.09,0.21
NaN,3.0925,0.21
NaN,3.095,0.21
NaN,3.0975,0.21
NaN,3.1,0.21
NaN,3.1025,0.21
NaN,3.105,0.21
NaN,3.1075,0.21
NaN,3.11,0.21
NaN,3.1125,0.21
NaN,3.115,0.21
NaN,3.1175,0.21
NaN,3.12,0.21
NaN,3.1225,0.21
NaN,3.125,0.21
NaN,3.1275,0.21
NaN,3.13,0.21
NaN,3.1325,0.21
NaN,3.135,0.21
NaN,3.1375,0.21
NaN,3.14,0.21
NaN,3.1425,0.21
NaN,3.145,0.21
NaN,3.1475,0.21
NaN,3.15,0.21
NaN,3.1525,0.21
NaN,3.155,0.21
NaN,3.1575,0.21
NaN,3.16,0.21
NaN,3.1625,0.21
NaN,3.165,0.21
NaN,3.1675,0.21
NaN,3.17,0.21
NaN,3.1725,0.21
NaN,3.175,0.21
NaN,3.1775,0.21
NaN,3.18,0.21
NaN,3.1825,0.21
NaN,3.185,0.21
NaN,3.1875,0.21
NaN,3.19,0.21
NaN,3.1925,0.21
NaN,3.195,0.21
NaN,3.1975,0.21
NaN,3.2,0.21
NaN,3.2025,0.21
NaN,3.205,0.21
NaN,3.2075,0.21
NaN,3.21,0.21
NaN,3.2125,0.21
NaN,3.215,0.21
NaN,3.2175,0.21
NaN,3.22,0.21
NaN,3.2225,0.21
NaN,3.225,0.21
NaN,3.2275,0.21
NaN,3.23,0.21
NaN,3.2325,0.21
NaN,3.235,0.21
NaN,3.2375,0.21
NaN,3.24,0.21
NaN,3.2425,0.21
NaN,3.245,0.21
NaN,3.2475,0.21
NaN,3.25,0.21
NaN,3.2525,0.21
NaN,3.255,0.21
NaN,3.2575,0.21
NaN,3.26,0.21
NaN,3.2625,0.21
NaN,3.265,0.21
NaN,3.2675,0.21
NaN,3.27,0.21
NaN,3.2725,0.21
NaN,3.275,0.21
NaN,3.2775,0.21
NaN,3.28,0.21
NaN,3.2825,0.21
NaN,3.285,0.21
NaN,3.2875,0.21
NaN,3.29,0.21
NaN,3.2925,0.21
NaN,3.295,0.21
NaN,3.2975,0.21
NaN,3.3,0.21
NaN,3.3025,0.21
NaN,3.305,0.21
NaN,3.3075,0.21
NaN,3.31,0.21
NaN,3.3125,0.21
NaN,3.315,0.21
NaN,3.3175,0.21
NaN,3.32,0.21
NaN,3.3225,0.21
NaN,3.325,0.21
NaN,3.3275,0.21
NaN,3.33,0.21
NaN,3.3325,0.21
NaN,3.335,0.21
NaN,3.3375,0.21
NaN,3.34,0.21
NaN,3.3425,0.21
NaN,3.345,0.21
NaN,3.3475,0.21
NaN,3.35,0.21
NaN,3.3525,0.21
NaN,3.355,0.21
NaN,3.3575,0.21
NaN,3.36,0.21
NaN,3.3625,0.21
NaN,3.365,0.21
NaN,3.3675,0.21
NaN,3.37,0.21
NaN,3.3725,0.21
NaN,3.375,0.21
NaN,3.3775,0.21
NaN,3.38,0.21
NaN,3.3825,0.21
NaN,3.385,0.21
NaN,3.3875,0.21
NaN,3.39,0.21
NaN,3.3925,0.21
NaN,3.395,0.21
NaN,3.3975,0.21
NaN,3.4,0.21
NaN,3.4025,0.21
NaN,3.405,0.21
NaN,3.4075,0.21
NaN,3.41,0.21
NaN,3.4125,0.21
NaN,3.415,0.21
NaN,3.4175,0.21
NaN,3.42,0.21
NaN,3.4225,0.21
NaN,3.425,0.21
NaN,3.4275,0.21
NaN,3.43,0.21
NaN,3.4325,0.21
NaN,3.435,0.21
NaN,3.4375,0.21
NaN,3.44,0.21
NaN,3.4425,0.21
NaN,3.445,0.21
NaN,3.4475,0.21
NaN,3.45,0.21
NaN,3.4525,0.21
NaN,3.455,0.21
NaN,3.4575,0.21
NaN,3.46,0.21
NaN,3.4625,0.21
NaN,3.465,0.21
NaN,3.4675,0.21
NaN,3.47,0.21
NaN,3.4725,0.21
NaN,3.475,0.21
NaN,3.4775,0.21
NaN,3.48,0.21
NaN,3.4825,0.21
NaN,3.485,0.21
NaN,3.4875,0.21
NaN,3.49,0.21
NaN,3.4925,0.21
NaN,3.495,0.21
NaN,3.4975,0.21
NaN,3.5,0.21
NaN,3.5025,0.21
NaN,3.505,0.21
NaN,3.5075,0.21
NaN,3.51,0.21
NaN,3.5125,0.21
NaN,3.515,0.21
NaN,3.5175,0.21
NaN,3.52,0.21
NaN,3.5225,0.21
NaN,3.525,0.21
NaN,3.5275,0.21
NaN,3.53,0.21
NaN,3.5325,0.21
NaN,3.535,0.21
NaN,3.5375,0.21
NaN,3.54,0.21
NaN,3.5425,0.21
NaN,3.545,0.21
NaN,3.5475,0.21
NaN,3.55,0.21
NaN,3.5525,0.21
NaN,3.555,0.21
NaN,3.5575,0.21
NaN,3.56,0.21
NaN,3.5625,0.21
NaN,3.565,0.21
NaN,3.5675,0.21
NaN,3.57,0.21
NaN,3.5725,0.21
NaN,3.575,0.21
NaN,3.5775,0.21
NaN,3.58,0.21
NaN,3.5825,0.21
NaN,3.585,0.21
NaN,3.5875,0.21
NaN,3.59,0.21
NaN,3.5925,0.21
NaN,3.595,0.21
NaN,3.5975,0.21
NaN,3.6,0.21
NaN,3.6025,0.21
NaN,3.605,0.21
NaN,3.6075,0.21
NaN,3.61,0.21
NaN,3.6125,0.21
NaN,3.615,0.21
NaN,3.6175,0.21
NaN,3.62,0.21
NaN,3.6225,0.21
NaN,3.625,0.21
NaN,3.6275,0.21
NaN,3.63,0.21
NaN,3.6325,0.21
NaN,3.635,0.21
NaN,3.6375,0.21
NaN,3.64,0.21
NaN,3.6425,0.21
NaN,3.645,0.21
NaN,3.6475,0.21
NaN,3.65,0.21
NaN,3.6525,0.21
NaN,3.655,0.21
NaN,3.6575,0.21
NaN,3.66,0.21
NaN,3.6625,0.21
NaN,3.665,0.21
NaN,3.6675,0.21
NaN,3.67,0.21
NaN,3.6725,0.21
NaN,3.675,0.21
NaN,3.6775,0.21
NaN,3.68,0.21
NaN,3.6825,0.21
NaN,3.685,0.21
NaN,3.6875,0.21
NaN,3.69,0.21
NaN,3.6925,0.21
NaN,3.695,0.21
NaN,3.6975,0.21
NaN,3.7,0.21
NaN,3.7025,0.21
NaN,3.705,0.21
NaN,3.7075,0.21
NaN,3.71,0.21
NaN,3.7125,0.21
NaN,3.715,0.21
NaN,3.7175,0.21
NaN,3.72,0.21
NaN,3.7225,0.21
NaN,3.725,0.21
NaN,3.7275,0.21
NaN,3.73,0.21
NaN,3.7325,0.21
NaN,3.735,0.21
NaN,3.7375,0.21
NaN,3.74,0.21
NaN,3.7425,0.21
NaN,3.745,0.21
NaN,3.7475,0.21
NaN,3.75,0.21
NaN,3.7525,0.21
NaN,3.755,0.21
NaN,3.7575,0.21
NaN,3.76,0.21
NaN,3.7625,0.21
NaN,3.765,0.21
NaN,3.7675,0.21
NaN,3.77,0.21
NaN,3.7725,0.21
NaN,3.775,0.21
NaN,3.7775,0.21
NaN,3.78,0.21
NaN,3.7825,0.21
NaN,3.785,0.21
NaN,3.7875,0.21
NaN,3.79,0.21
NaN,3.7925,0.21
NaN,3.795,0.21
NaN,3.7975,0.21
NaN,3.8,0.21
NaN,3.8025,0.21
NaN,3.805,0.21
NaN,3.8075,0.21
NaN,3.81,0.21
NaN,3.8125,0.21
NaN,3.815,0.21
NaN,3.8175,0.21
NaN,3.82,0.21
NaN,3.8225,0.21
NaN,3.825,0.21
NaN,3.8275,0.21
NaN,3.83,0.21
NaN,3.8325,0.21
NaN,3.835,0.21
NaN,3.8375,0.21
NaN,3.84,0.21
NaN,3.8425,0.21
NaN,3.845,0.21
NaN,3.8475,0.21
NaN,3.85,0.21
NaN,3.8525,0.21
NaN,3.855,0.21
NaN,3.8575,0.21
NaN,3.86,0.21
NaN,3.8625,0.21
NaN,3.865,0.21
NaN,3.8675,0.21
NaN,3.87,0.21
NaN,3.8725,0.21
NaN,3.875,0.21
NaN,3.8775,0.21
NaN,3.88,0.21
NaN,3.8825,0.21
NaN,3.885,0.21
NaN,3.8875,0.21
NaN,3.89,0.21
NaN,3.8925,0.21
NaN,3.895,0.21
NaN,3.8975,0.21
NaN,3.9,0.21
NaN,3.9025,0.21
NaN,3.905,0.21
NaN,3.9075,0.21
NaN,3.91,0.21
NaN,3.9125,0.21
NaN,3.915,0.21
NaN,3.9175,0.21
NaN,3.92,0.21
NaN,3.9225,0.21
NaN,3.925,0.21
NaN,3.9275,0.21
NaN,3.93,0.21
NaN,3.9325,0.21
NaN,3.935,0.21
NaN,3.9375,0.21
NaN,3.94,0.21
NaN,3.9425,0.21
NaN,3.945,0.21
NaN,3.9475,0.21
NaN,3.95,0.21
NaN,3.9525,0.21
NaN,3.955,0.21
NaN,3.9575,0.21
NaN,3.96,0.21
NaN,3.9625,0.21
NaN,3.965,0.21
NaN,3.9675,0.21
NaN,3.97,0.21
NaN,3.9725,0.21
NaN,3.975,0.21
NaN,3.9775,0.21
NaN,3.98,0.21
NaN,3.9825,0.21
NaN,3.985,0.21
NaN,3.9875,0.21
NaN,3.99,0.21
NaN,3.9925,0.21
NaN,3.995,0.21
NaN,3.9975,0.21
NaN,4,0.21
NaN,4.0025,0.21
NaN,4.005,0.21
NaN,4.0075,0.21
NaN,4.01,0.21
NaN,4.0125,0.21
NaN,4.015,0.21
NaN,4.0175,0.21
NaN,4.02,0.21
NaN,4.0225,0.21
NaN,4.025,0.21
NaN,4.0275,0.21
NaN,4.03,0.21
NaN,4.0325,0.21
NaN,4.035,0.21
NaN,4.0375,0.21
NaN,4.04,0.21
NaN,4.0425,0.21
NaN,4.045,0.21
NaN,4.0475,0.21
NaN,4.05,0.21
NaN,4.0525,0.21
NaN,4.055,0.21
NaN,4.0575,0.21
NaN,4.06,0.21
NaN,4.0625,0.21
NaN,4.065,0.21
NaN,4.0675,0.21
NaN,4.07,0.21
NaN,4.0725,0.21
NaN,4.075,0.21
NaN,4.0775,0.21
NaN,4.08,0.21
NaN,4.0825,0.21
NaN,4.085,0.21
NaN,4.0875,0.21
NaN,4.09,0.21
NaN,4.0925,0.21
NaN,4.095,0.21
NaN,4.0975,0.21
NaN,4.1,0.21
NaN,4.1025,0.21
NaN,4.105,0.21
NaN,4.1075,0.21
NaN,4.11,0.21
NaN,4.1125,0.21
NaN,4.115,0.21
NaN,4.1175,0.21
NaN,4.12,0.21
NaN,4.1225,0.21
NaN,4.125,0.21
NaN,4.1275,0.21
NaN,4.13,0.21
NaN,4.1325,0.21
NaN,4.135,0.21
NaN,4.1375,0.21
NaN,4.14,0.21
NaN,4.1425,0.21
NaN,4.145,0.21
NaN,4.1475,0.21
NaN,4.15,0.21
NaN,4.1525,0.21
NaN,4.155,0.21
NaN,4.1575,0.21
NaN,4.16,0.21
NaN,4.1625,0.21
NaN,4.165,0.21
NaN,4.1675,0.21
NaN,4.17,0.21
NaN,4.1725,0.21
NaN,4.175,0.21
NaN,4.1775,0.21
NaN,4.18,0.21
NaN,4.1825,0.21
NaN,4.185,0.21
NaN,4.1875,0.21
NaN,4.19,0.21
NaN,4.1925,0.21
NaN,4.195,0.21
NaN,4.1975,0.21
NaN,4.2,0.21
NaN,4.2025,0.21
NaN,4.205,0.21
NaN,4.2075,0.21
NaN,4.21,0.21
NaN,4.2125,0.21
NaN,4.215,0.21
NaN,4.2175,0.21
NaN,4.22,0.21
NaN,4.2225,0.21
NaN,4.225,0.21
NaN,4.2275,0.21
NaN,4.23,0.21
NaN,4.2325,0.21
NaN,4.235,0.21
NaN,4.2375,0.21
NaN,4.24,0.21
NaN,4.2425,0.21
NaN,4.245,0.21
NaN,4.2475,0.21
NaN,4.25,0.21
NaN,4.2525,0.21
NaN,4.255,0.21
NaN,4.2575,0.21
NaN,4.26,0.21
NaN,4.2625,0.21
NaN,4.265,0.21
NaN,4.2675,0.21
NaN,4.27,0.21
NaN,4.2725,0.21
NaN,4.275,0.21
NaN,4.2775,0.21
NaN,4.28,0.21
NaN,4.2825,0.21
NaN,4.285,0.21
NaN,4.2875,0.21
NaN,4.29,0.21
NaN,4.2925,0.21
NaN,4.295,0.21
NaN,4.2975,0.21
NaN,4.3,0.21
NaN,4.3025,0.21
NaN,4.305,0.21
NaN,4.3075,0.21
NaN,4.31,0.21
NaN,4.3125,0.21
NaN,4.315,0.21
NaN,4.3175,0.21
NaN,4.32,0.21
NaN,4.3225,0.21
NaN,4.325,0.21
NaN,4.3275,0.21
NaN,4.33,0.21
NaN,4.3325,0.21
NaN,4.335,0.21
NaN,4.3375,0.21
NaN,4.34,0.21
NaN,4.3425,0.21
NaN,4.345,0.21
NaN,4.3475,0.21
NaN,4.35,0.21
NaN,4.3525,0.21
NaN,4.355,0.21
NaN,4.3575,0.21
NaN,4.36,0.21
NaN,4.3625,0.21
NaN,4.365,0.21
NaN,4.3675,0.21
NaN,4.37,0.21
NaN,4.3725,0.21
NaN,4.375,0.21
NaN,4.3775,0.21
NaN,4.38,0.21
NaN,4.3825,0.21
NaN,4.385,0.21
NaN,4.3875,0.21
NaN,4.39,0.21
NaN,4.3925,0.21
NaN,4.395,0.21
NaN,4.3975,0.21
NaN,4.4,0.21
NaN,4.4025,0.21
NaN,4.405,0.21
NaN,4.4075,0.21
NaN,4.41,0.21
NaN,4.4125,0.21
NaN,4.415,0.21
NaN,4.4175,0.21
NaN,4.42,0.21
NaN,4.4225,0.21
NaN,4.425,0.21
NaN,4.4275,0.21
NaN,4.43,0.21
NaN,4.4325,0.21
NaN,4.435,0.21
NaN,4.4375,0.21
NaN,4.44,0.21
NaN,4.4425,0.21
NaN,4.445,0.21
NaN,4.4475,0.21
NaN,4.45,0.21
NaN,4.4525,0.21
NaN,4.455,0.21
NaN,4.4575,0.21
NaN,4.46,0.21
NaN,4.4625,0.21
NaN,4.465,0.21
NaN,4.4675,0.21
NaN,4.47,0.21
NaN,4.4725,0.21
NaN,4.475,0.21
NaN,4.4775,0.21
NaN,4.48,0.21
NaN,4.4825,0.21
NaN,4.485,0.21
NaN,4.4875,0.21
NaN,4.49,0.21
NaN,4.4925,0.21
NaN,4.495,0.21
NaN,4.4975,0.21
NaN,4.5,0.21
NaN,4.5025,0.21
NaN,4.505,0.21
NaN,4.5075,0.21
NaN,4.51,0.21
NaN,4.5125,0.21
NaN,4.515,0.21
NaN,4.5175,0.21
NaN,4.52,0.21
NaN,4.5225,0.21
NaN,4.525,0.21
NaN,4.5275,0.21
NaN,4.53,0.21
NaN,4.5325,0.21
NaN,4.535,0.21
NaN,4.5375,0.21
NaN,4.54,0.21
NaN,4.5425,0.21
NaN,4.545,0.21
NaN,4.5475,0.21
NaN,4.55,0.21
NaN,4.5525,0.21
NaN,4.555,0.21
NaN,4.5575,0.21
NaN,4.56,0.21
NaN,4.5625,0.21
NaN,4.565,0.21
NaN,4.5675,0.21
NaN,4.57,0.21
NaN,4.5725,0.21
NaN,4.575,0.21
NaN,4.5775,0.21
NaN,4.58,0.21
NaN,4.5825,0.21
NaN,4.585,0.21
NaN,4.5875,0.21
NaN,4.59,0.21
NaN,4.5925,0.21
NaN,4.595,0.21
NaN,4.5975,0.21
NaN,4.6,0.21
NaN,4.6025,0.21
NaN,4.605,0.21
NaN,4.6075,0.21
NaN,4.61,0.21
NaN,4.6125,0.21
NaN,4.615,0.21
NaN,4.6175,0.21
NaN,4.62,0.21
NaN,4.6225,0.21
NaN,4.625,0.21
NaN,4.6275,0.21
NaN,4.63,0.21
NaN,4.6325,0.21
NaN,4.635,0.21
NaN,4.6375,0.21
NaN,4.64,0.21
NaN,4.6425,0.21
NaN,4.645,0.21
NaN,4.6475,0.21
NaN,4.65,0.21
NaN,4.6525,0.21
NaN,4.655,0.21
NaN,4.6575,0.21
NaN,4.66,0.21
NaN,4.6625,0.21
NaN,4.665,0.21
NaN,4.6675,0.21
NaN,4.67,0.21
NaN,4.6725,0.21
NaN,4.675,0.21
NaN,4.6775,0.21
NaN,4.68,0.21
NaN,4.6825,0.21
NaN,4.685,0.21
NaN,4.6875,0.21
NaN,4.69,0.21
NaN,4.6925,0.21
NaN,4.695,0.21
NaN,4.6975,0.21
NaN,4.7,0.21
NaN,4.7025,0.21
NaN,4.705,0.21
NaN,4.7075,0.21
NaN,4.71,0.21
NaN,4.7125,0.21
NaN,4.715,0.21
NaN,4.7175,0.21
NaN,4.72,0.21
NaN,4.7225,0.21
NaN,4.725,0.21
NaN,4.7275,0.21
NaN,4.73,0.21
NaN,4.7325,0.21
NaN,4.735,0.21
NaN,4.7375,0.21
NaN,4.74,0.21
NaN,4.7425,0.21
NaN,4.745,0.21
NaN,4.7475,0.21
NaN,4.75,0.21
NaN,4.7525,0.21
NaN,4.755,0.21
NaN,4.7575,0.21
NaN,4.76,0.21
NaN,4.7625,0.21
NaN,4.765,0.21
NaN,4.7675,0.21
NaN,4.77,0.21
NaN,4.7725,0.21
NaN,4.775,0.21
NaN,4.7775,0.21
NaN,4.78,0.21
NaN,4.7825,0.21
NaN,4.785,0.21
NaN,4.7875,0.21
NaN,4.79,0.21
NaN,4.7925,0.21
NaN,4.795,0.21
NaN,4.7975,0.21
NaN,4.8,0.21
NaN,4.8025,0.21
NaN,4.805,0.21
NaN,4.8075,0.21
NaN,4.81,0.21
NaN,4.8125,0.21
NaN,4.815,0.21
NaN,4.8175,0.21
NaN,4.82,0.21
NaN,4.8225,0.21
NaN,4.825,0.21
NaN,4.8275,0.21
NaN,4.83,0.21
NaN,4.8325,0.21
NaN,4.835,0.21
NaN,4.8375,0.21
NaN,4.84,0.21
NaN,4.8425,0.21
NaN,4.845,0.21
NaN,4.8475,0.21
NaN,4.85,0.21
NaN,4.8525,0.21
NaN,4.855,0.21
NaN,4.8575,0.21
NaN,4.86,0.21
NaN,4.8625,0.21
NaN,4.865,0.21
NaN,4.8675,0.21
NaN,4.87,0.21
NaN,4.8725,0.21
NaN,4.875,0.21
NaN,4.8775,0.21
NaN,4.88,0.21
NaN,4.8825,0.21
NaN,4.885,0.21
NaN,4.8875,0.21
NaN,4.89,0.21
NaN,4.8925,0.21
NaN,4.895,0.21
NaN,4.8975,0.21
NaN,4.9,0.21
NaN,4.9025,0.21
NaN,4.905,0.21
NaN,4.9075,0.21
NaN,4.91,0.21
NaN,4.9125,0.21
NaN,4.915,0.21
NaN,4.9175,0.21
NaN,4.92,0.21
NaN,4.9225,0.21
NaN,4.925,0.21
NaN,4.9275,0.21
NaN,4.93,0.21
NaN,4.9325,0.21
NaN,4.935,0.21
NaN,4.9375,0.21
NaN,4.94,0.21
NaN,4.9425,0.21
NaN,4.945,0.21
NaN,4.9475,0.21
NaN,4.95,0.21
NaN,4.9525,0.21
NaN,4.955,0.21
NaN,4.9575,0.21
NaN,4.96,0.21
NaN,4.9625,0.21
NaN,4.965,0.21
NaN,4.9675,0.21
NaN,4.97,0.21
NaN,4.9725,0.21
NaN,4.975,0.21
NaN,4.9775,0.21
NaN,4.98,0.21
NaN,4.9825,0.21
NaN,4.985,0.21
NaN,4.9875,0.21
NaN,4.99,0.21
NaN,4.9925,0.21
NaN,4.995,0.21
NaN,4.9975,0.21
NaN,5,0.21
NaN,5.0025,0.21
NaN,5.005,0.21
NaN,5.0075,0.21
NaN,5.01,0.21
NaN,5.0125,0.21
NaN,5.015,0.21
NaN,5.0175,0.21
NaN,5.02,0.21
NaN,5.0225,0.21
NaN,5.025,0.21
NaN,5.0275,0.21
NaN,5.03,0.21
NaN,5.0325,0.21
NaN,5.035,0.21
NaN,5.0375,0.21
NaN,5.04,0.21
NaN,5.0425,0.21
NaN,5.045,0.21
NaN,5.0475,0.21
NaN,5.05,0.21
NaN,5.0525,0.21
NaN,5.055,0.21
NaN,5.0575,0.21
NaN,5.06,0.21
NaN,5.0625,0.21
NaN,5.065,0.21
NaN,5.0675,0.21
NaN,5.07,0.21
NaN,5.0725,0.21
NaN,5.075,0.21
NaN,5.0775,0.21
NaN,5.08,0.21
NaN,5.0825,0.21
NaN,5.085,0.21
NaN,5.0875,0.21
NaN,5.09,0.21
NaN,5.0925,0.21
NaN,5.095,0.21
NaN,5.0975,0.21
NaN,5.1,0.21
NaN,5.1025,0.21
NaN,5.105,0.21
NaN,5.1075,0.21
NaN,5.11,0.21
NaN,5.1125,0.21
NaN,5.115,0.21
NaN,5.1175,0.21
NaN,5.12,0.21
NaN,5.1225,0.21
NaN,5.125,0.21
NaN,5.1275,0.21
NaN,5.13,0.21
NaN,5.1325,0.21
NaN,5.135,0.21
NaN,5.1375,0.21
NaN,5.14,0.21
NaN,5.1425,0.21
NaN,5.145,0.21
NaN,5.1475,0.21
NaN,5.15,0.21
NaN,5.1525,0.21
NaN,5.155,0.21
NaN,5.1575,0.21
NaN,5.16,0.21
NaN,5.1625,0.21
NaN,5.165,0.21
NaN,5.1675,0.21
NaN,5.17,0.21
NaN,5.1725,0.21
NaN,5.175,0.21
NaN,5.1775,0.21
NaN,5.18,0.21
NaN,5.1825,0.21
NaN,5.185,0.21
NaN,5.1875,0.21
NaN,5.19,0.21
NaN,5.1925,0.21
NaN,5.195,0.21
NaN,5.1975,0.21
NaN,5.2,0.21
NaN,5.2025,0.21
NaN,5.205,0.21
NaN,5.2075,0.21
NaN,5.21,0.21
NaN,5.2125,0.21
NaN,5.215,0.21
NaN,5.2175,0.21
NaN,5.22,0.21
NaN,5.2225,0.21
NaN,5.225,0.21
NaN,5.2275,0.21
NaN,5.23,0.21
NaN,5.2325,0.21
NaN,5.235,0.21
NaN,5.2375,0.21
NaN,5.24,0.21
NaN,5.2425,0.21
NaN,5.245,0.21
NaN,5.2475,0.21
NaN,5.25,0.21
NaN,5.2525,0.21
NaN,5.255,0.21
NaN,5.2575,0.21
NaN,5.26,0.21
NaN,5.2625,0.21
NaN,5.265,0.21
NaN,5.2675,0.21
NaN,5.27,0.21
NaN,5.2725,0.21
NaN,5.275,0.21
NaN,5.2775,0.21
NaN,5.28,0.21
NaN,5.2825,0.21
NaN,5.285,0.21
NaN,5.2875,0.21
NaN,5.29,0.21
NaN,5.2925,0.21
NaN,5.295,0.21
NaN,5.2975,0.21
NaN,5.3,0.21
NaN,5.3025,0.21
NaN,5.305,0.21
NaN,5.3075,0.21
NaN,5.31,0.21
NaN,5.3125,0.21
NaN,5.315,0.21
NaN,5.3175,0.21
NaN,5.32,0.21
NaN,5.3225,0.21
NaN,5.325,0.21
NaN,5.3275,0.21
NaN,5.33,0.21
NaN,5.3325,0.21
NaN,5.335,0.21
NaN,5.3375,0.21
NaN,5.34,0.21
NaN,5.3425,0.21
NaN,5.345,0.21
NaN,5.3475,0.21
NaN,5.35,0.21
NaN,5.3525,0.21
NaN,5.355,0.21
NaN,5.3575,0.21
NaN,5.36,0.21
NaN,5.3625,0.21
NaN,5.365,0.21
NaN,5.3675,0.21
NaN,5.37,0.21
NaN,5.3725,0.21
NaN,5.375,0.21
NaN,5.3775,0.21
NaN,5.38,0.21
NaN,5.3825,0.21
NaN,5.385,0.21
NaN,5.3875,0.21
NaN,5.39,0.21
NaN,5.3925,0.21
NaN,5.395,0.21
NaN,5.3975,0.21
NaN,5.4,0.21
NaN,5.4025,0.21
NaN,5.405,0.21
NaN,5.4075,0.21
NaN,5.41,0.21
NaN,5.4125,0.21
NaN,5.415,0.21
NaN,5.4175,0.21
NaN,5.42,0.21
NaN,5.4225,0.21
NaN,5.425,0.21
NaN,5.4275,0.21
NaN,5.43,0.21
NaN,5.4325,0.21
NaN,5.435,0.21
NaN,5.4375,0.21
NaN,5.44,0.21
NaN,5.4425,0.21
NaN,5.445,0.21
NaN,5.4475,0.21
NaN,5.45,0.21
NaN,5.4525,0.21
NaN,5.455,0.21
NaN,5.4575,0.21
NaN,5.46,0.21
NaN,5.4625,0.21
NaN,5.465,0.21
NaN,5.4675,0.21
NaN,5.47,0.21
NaN,5.4725,0.21
NaN,5.475,0.21
NaN,5.4775,0.21
NaN,5.48,0.21
NaN,5.4825,0.21
NaN,5.485,0.21
NaN,5.4875,0.21
NaN,5.49,0.21
NaN,5.4925,0.21
NaN,5.495,0.21
NaN,5.4975,0.21
NaN,5.5,0.21
NaN,5.5025,0.21
NaN,5.505,0.21
NaN,5.5075,0.21
NaN,5.51,0.21
NaN,5.5125,0.21
NaN,5.515,0.21
NaN,5.5175,0.21
NaN,5.52,0.21
NaN,5.5225,0.21
NaN,5.525,0.21
NaN,5.5275,0.21
NaN,5.53,0.21
NaN,5.5325,0.21
NaN,5.535,0.21
NaN,5.5375,0.21
NaN,5.54,0.21
NaN,5.5425,0.21
NaN,5.545,0.21
NaN,5.5475,0.21
NaN,5.55,0.21
NaN,5.5525,0.21
NaN,5.555,0.21
NaN,5.5575,0.21
NaN,5.56,0.21
NaN,5.5625,0.21
NaN,5.565,0.21
NaN,5.5675,0.21
NaN,5.57,0.21
NaN,5.5725,0.21
NaN,5.575,0.21
NaN,5.5775,0.21
NaN,5.58,0.21
NaN,5.5825,0.21
NaN,5.585,0.21
NaN,5.5875,0.21
NaN,5.59,0.21
NaN,5.5925,0.21
NaN,5.595,0.21
NaN,5.5975,0.21
NaN,5.6,0.21
NaN,5.6025,0.21
NaN,5.605,0.21
NaN,5.6075,0.21
NaN,5.61,0.21
NaN,5.6125,0.21
NaN,5.615,0.21
NaN,5.6175,0.21
NaN,5.62,0.21
NaN,5.6225,0.21
NaN,5.625,0.21
NaN,5.6275,0.21
NaN,5.63,0.21
NaN,5.6325,0.21
NaN,5.635,0.21
NaN,5.6375,0.21
NaN,5.64,0.21
NaN,5.6425,0.21
NaN,5.645,0.21
NaN,5.6475,0.21
NaN,5.65,0.21
NaN,5.6525,0.21
NaN,5.655,0.21
NaN,5.6575,0.21
NaN,5.66,0.21
NaN,5.6625,0.21
NaN,5.665,0.21
NaN,5.6675,0.21
NaN,5.67,0.21
NaN,5.6725,0.21
NaN,5.675,0.21
NaN,5.6775,0.21
NaN,5.68,0.21
NaN,5.6825,0.21
NaN,5.685,0.21
NaN,5.6875,0.21
NaN,5.69,0.21
NaN,5.6925,0.21
NaN,5.695,0.21
NaN,5.6975,0.21
NaN,5.7,0.21
NaN,5.7025,0.21
NaN,5.705,0.21
NaN,5.7075,0.21
NaN,5.71,0.21
NaN,5.7125,0.21
NaN,5.715,0.21
NaN,5.7175,0.21
NaN,5.72,0.21
NaN,5.7225,0.21
NaN,5.725,0.21
NaN,5.7275,0.21
NaN,5.73,0.21
NaN,5.7325,0.21
NaN,5.735,0.21
NaN,5.7375,0.21
NaN,5.74,0.21
NaN,5.7425,0.21
NaN,5.745,0.21
NaN,5.7475,0.21
NaN,5.75,0.21
NaN,5.7525,0.21
NaN,5.755,0.21
NaN,5.7575,0.21
NaN,5.76,0.21
NaN,5.7625,0.21
NaN,5.765,0.21
NaN,5.7675,0.21
NaN,5.77,0.21
NaN,5.7725,0.21
NaN,5.775,0.21
NaN,5.7775,0.21
NaN,5.78,0.21
NaN,5.7825,0.21
NaN,5.785,0.21
NaN,5.7875,0.21
NaN,5.79,0.21
NaN,5.7925,0.21
NaN,5.795,0.21
NaN,5.7975,0.21
NaN,5.8,0.21
NaN,5.8025,0.21
NaN,5.805,0.21
NaN,5.8075,0.21
NaN,5.81,0.21
NaN,5.8125,0.21
NaN,5.815,0.21
NaN,5.8175,0.21
NaN,5.82,0.21
NaN,5.8225,0.21
NaN,5.825,0.21
NaN,5.8275,0.21
NaN,5.83,0.21
NaN,5.8325,0.21
NaN,5.835,0.21
NaN,5.8375,0.21
NaN,5.84,0.21
NaN,5.8425,0.21
NaN,5.845,0.21
NaN,5.8475,0.21
NaN,5.85,0.21
NaN,5.8525,0.21
NaN,5.855,0.21
NaN,5.8575,0.21
NaN,5.86,0.21
NaN,5.8625,0.21
NaN,5.865,0.21
NaN,5.8675,0.21
NaN,5.87,0.21
NaN,5.8725,0.21
NaN,5.875,0.21
NaN,5.8775,0.21
NaN,5.88,0.21
NaN,5.8825,0.21
NaN,5.885,0.21
NaN,5.8875,0.21
NaN,5.89,0.21
NaN,5.8925,0.21
NaN,5.895,0.21
NaN,5.8975,0.21
NaN,5.9,0.21
NaN,5.9025,0.21
NaN,5.905,0.21
NaN,5.9075,0.21
NaN,5.91,0.21
NaN,5.9125,0.21
NaN,5.915,0.21
NaN,5.9175,0.21
NaN,5.92,0.21
NaN,5.9225,0.21
NaN,5.925,0.21
NaN,5.9275,0.21
NaN,5.93,0.21
NaN,5.9325,0.21
NaN,5.935,0.21
NaN,5.9375,0.21
NaN,5.94,0.21
NaN,5.9425,0.21
NaN,5.945,0.21
NaN,5.9475,0.21
NaN,5.95,0.21
NaN,5.9525,0.21
NaN,5.955,0.21
NaN,5.9575,0.21
NaN,5.96,0.21
NaN,5.9625,0.21
NaN,5.965,0.21
NaN,5.9675,0.21
NaN,5.97,0.21
NaN,5.9725,0.21
NaN,5.975,0.21
NaN,5.9775,0.21
NaN,5.98,0.21
NaN,5.9825,0.21
NaN,5.985,0.21
NaN,5.9875,0.21
NaN,5.99,0.21
NaN,5.9925,0.21
NaN,5.995,0.21
NaN,5.9975,0.21
NaN,6,0.21
NaN,6.0025,0.21
NaN,6.005,0.21
NaN,6.0075,0.21
NaN,6.01,0.21
NaN,6.0125,0.21
NaN,6.015,0.21
NaN,6.0175,0.21
NaN,6.02,0.21
NaN,6.0225,0.21
NaN,6.025,0.21
NaN,6.0275,0.21
NaN,6.03,0.21
NaN,6.0325,0.21
NaN,6.035,0.21
NaN,6.0375,0.21
NaN,6.04,0.21
NaN,6.0425,0.21
NaN,6.045,0.21
NaN,6.0475,0.21
NaN,6.05,0.21
NaN,6.0525,0.21
NaN,6.055,0.21
NaN,6.0575,0.21
NaN,6.06,0.21
NaN,6.0625,0.21
NaN,6.065,0.21
NaN,6.0675,0.21
NaN,6.07,0.21
NaN,6.0725,0.21
NaN,6.075,0.21
NaN,6.0775,0.21
NaN,6.08,0.21
NaN,6.0825,0.21
NaN,6.085,0.21
NaN,6.0875,0.21
NaN,6.09,0.21
NaN,6.0925,0.21
NaN,6.095,0.21
NaN,6.0975,0.21
NaN,6.1,0.21
NaN,6.1025,0.21
NaN,6.105,0.21
NaN,6.1075,0.21
NaN,6.11,0.21
NaN,6.1125,0.21
NaN,6.115,0.21
NaN,6.1175,0.21
NaN,6.12,0.21
NaN,6.1225,0.21
NaN,6.125,0.21
NaN,6.1275,0.21
NaN,6.13,0.21
NaN,6.1325,0.21
NaN,6.135,0.21
NaN,6.1375,0.21
NaN,6.14,0.21
NaN,6.1425,0.21
NaN,6.145,0.21
NaN,6.1475,0.21
NaN,6.15,0.21
NaN,6.1525,0.21
NaN,6.155,0.21
NaN,6.1575,0.21
NaN,6.16,0.21
NaN,6.1625,0.21
NaN,6.165,0.21
NaN,6.1675,0.21
NaN,6.17,0.21
NaN,6.1725,0.21
NaN,6.175,0.21
NaN,6.1775,0.21
NaN,6.18,0.21
NaN,6.1825,0.21
NaN,6.185,0.21
NaN,6.1875,0.21
NaN,6.19,0.21
NaN,6.1925,0.21
NaN,6.195,0.21
NaN,6.1975,0.21
NaN,6.2,0.21
NaN,6.2025,0.21
NaN,6.205,0.21
NaN,6.2075,0.21
NaN,6.21,0.21
NaN,6.2125,0.21
NaN,6.215,0.21
NaN,6.2175,0.21
NaN,6.22,0.21
NaN,6.2225,0.21
NaN,6.225,0.21
NaN,6.2275,0.21
NaN,6.23,0.21
NaN,6.2325,0.21
NaN,6.235,0.21
NaN,6.2375,0.21
NaN,6.24,0.21
NaN,6.2425,0.21
NaN,6.245,0.21
NaN,6.2475,0.21
NaN,6.25,0.21
NaN,6.2525,0.21
NaN,6.255,0.21
NaN,6.2575,0.21
NaN,6.26,0.21
NaN,6.2625,0.21
NaN,6.265,0.21
NaN,6.2675,0.21
NaN,6.27,0.21
NaN,6.2725,0.21
NaN,6.275,0.21
NaN,6.2775,0.21
NaN,6.28,0.21
NaN,6.2825,0.21
NaN,6.285,0.21
NaN,6.2875,0.21
NaN,6.29,0.21
NaN,6.2925,0.21
NaN,6.295,0.21
NaN,6.2975,0.21
NaN,6.3,0.21
NaN,6.3025,0.21
NaN,6.305,0.21
NaN,6.3075,0.21
NaN,6.31,0.21
NaN,6.3125,0.21
NaN,6.315,0.21
NaN,6.3175,0.21
NaN,6.32,0.21
NaN,6.3225,0.21
NaN,6.325,0.21
NaN,6.3275,0.21
NaN,6.33,0.21
NaN,6.3325,0.21
NaN,6.335,0.21
NaN,6.3375,0.21
NaN,6.34,0.21
NaN,6.3425,0.21
NaN,6.345,0.21
NaN,6.3475,0.21
NaN,6.35,0.21
NaN,6.3525,0.21
NaN,6.355,0.21
NaN,6.3575,0.21
NaN,6.36,0.21
NaN,6.3625,0.21
NaN,6.365,0.21
NaN,6.3675,0.21
NaN,6.37,0.21
NaN,6.3725,0.21
NaN,6.375,0.21
NaN,6.3775,0.21
NaN,6.38,0.21
NaN,6.3825,0.21
NaN,6.385,0.21
NaN,6.3875,0.21
NaN,6.39,0.21
NaN,6.3925,0.21
NaN,6.395,0.21
NaN,6.3975,0.21
NaN,6.4,0.21
NaN,6.4025,0.21
NaN,6.405,0.21
NaN,6.4075,0.21
NaN,6.41,0.21
NaN,6.4125,0.21
NaN,6.415,0.21
NaN,6.4175,0.21
NaN,6.42,0.21
NaN,6.4225,0.21
NaN,6.425,0.21
NaN,6.4275,0.21
NaN,6.43,0.21
NaN,6.4325,0.21
NaN,6.435,0.21
NaN,6.4375,0.21
NaN,6.44,0.21
NaN,6.4425,0.21
NaN,6.445,0.21
NaN,6.4475,0.21
NaN,6.45,0.21
NaN,6.4525,0.21
NaN,6.455,0.21
NaN,6.4575,0.21
NaN,6.46,0.21
NaN,6.4625,0.21
NaN,6.465,0.21
NaN,6.4675,0.21
NaN,6.47,0.21
NaN,6.4725,0.21
NaN,6.475,0.21
NaN,6.4775,0.21
NaN,6.48,0.21
NaN,6.4825,0.21
NaN,6.485,0.21
NaN,6.4875,0.21
NaN,6.49,0.21
NaN,6.4925,0.21
NaN,6.495,0.21
NaN,6.4975,0.21
NaN,6.5,0.21
NaN,6.5025,0.21
NaN,6.505,0.21
NaN,6.5075,0.21
NaN,6.51,0.21
NaN,6.5125,0.21
NaN,6.515,0.21
NaN,6.5175,0.21
NaN,6.52,0.21
NaN,6.5225,0.21
NaN,6.525,0.21
NaN,6.5275,0.21
NaN,6.53,0.21
NaN,6.5325,0.21
NaN,6.535,0.21
NaN,6.5375,0.21
NaN,6.54,0.21
NaN,6.5425,0.21
NaN,6.545,0.21
NaN,6.5475,0.21
NaN,6.55,0.21
NaN,6.5525,0.21
NaN,6.555,0.21
NaN,6.5575,0.21
NaN,6.56,0.21
NaN,6.5625,0.21
NaN,6.565,0.21
NaN,6.5675,0.21
NaN,6.57,0.21
NaN,6.5725,0.21
NaN,6.575,0.21
NaN,6.5775,0.21
NaN,6.58,0.21
NaN,6.5825,0.21
NaN,6.585,0.21
NaN,6.5875,0.21
NaN,6.59,0.21
NaN,6.5925,0.21
NaN,6.595,0.21
NaN,6.5975,0.21
NaN,6.6,0.21
NaN,6.6025,0.21
NaN,6.605,0.21
NaN,6.6075,0.21
NaN,6.61,0.21
NaN,6.6125,0.21
NaN,6.615,0.21
NaN,6.6175,0.21
NaN,6.62,0.21
NaN,6.6225,0.21
NaN,6.625,0.21
NaN,6.6275,0.21
NaN,6.63,0.21
NaN,6.6325,0.21
NaN,6.635,0.21
NaN,6.6375,0.21
NaN,6.64,0.21
NaN,6.6425,0.21
NaN,6.645,0.21
NaN,6.6475,0.21
NaN,6.65,0.21
NaN,6.6525,0.21
NaN,6.655,0.21
NaN,6.6575,0.21
NaN,6.66,0.21
NaN,6.6625,0.21
NaN,6.665,0.21
NaN,6.6675,0.21
NaN,6.67,0.21
NaN,6.6725,0.21
NaN,6.675,0.21
NaN,6.6775,0.21
NaN,6.68,0.21
NaN,6.6825,0.21
NaN,6.685,0.21
NaN,6.6875,0.21
NaN,6.69,0.21
NaN,6.6925,0.21
NaN,6.695,0.21
NaN,6.6975,0.21
NaN,6.7,0.21
NaN,6.7025,0.21
NaN,6.705,0.21
NaN,6.7075,0.21
NaN,6.71,0.21
NaN,6.7125,0.21
NaN,6.715,0.21
NaN,6.7175,0.21
NaN,6.72,0.21
NaN,6.7225,0.21
