radius,time,R0
0.239988649505429,0,0.24
0.239988649505429,0,0.24
0.236674299946242,0.0025,0.24
0.235414437824605,0.005,0.24
0.234378846375129,0.0075,0.24
0.233438893658757,0.01,0.24
0.232561998280107,0.0125,0.24
0.231730202056721,0.015,0.24
0.230934617765789,0.0175,0.24
0.230169849650447,0.02,0.24
0.229430942821886,0.0225,0.24
0.228717907112313,0.025,0.24
0.228025983137069,0.0275,0.24
0.227353622319696,0.03,0.24
0.226700186300712,0.0325,0.24
0.226065689460165,0.035,0.24
0.225451735766176,0.0375,0.24
0.224853209600999,0.04,0.24
0.224271772629341,0.0425,0.24
0.22370740290026,0.045,0.24
0.223154651927308,0.0475,0.24
0.222618456593538,0.05,0.24
0.222096507958696,0.0525,0.24
0.221586056673927,0.055,0.24
0.221090804713638,0.0575,0.24
0.220606152700728,0.06,0.24
0.220135092896799,0.0625,0.24
0.219673737950793,0.065,0.24
0.219226024050287,0.0675,0.24
0.218789789974007,0.07,0.24
0.218366040781798,0.0725,0.24
0.217953465258598,0.075,0.24
0.217549982222926,0.0775,0.24
0.2171562517991,0.08,0.24
0.216772248829171,0.0825,0.24
0.216398011846886,0.085,0.24
0.216033249988191,0.0875,0.24
0.215676181747879,0.09,0.24
0.215328633559566,0.0925,0.24
0.214990304536817,0.095,0.24
0.214660154329987,0.0975,0.24
0.214337060694562,0.1,0.24
0.214021659516793,0.1025,0.24
0.213714840116345,0.105,0.24
0.213416212856836,0.1075,0.24
0.213123629108588,0.11,0.24
0.212837129090264,0.1125,0.24
0.212558590318545,0.115,0.24
0.212286671308257,0.1175,0.24
0.212019568749076,0.12,0.24
0.211759936845033,0.1225,0.24
0.211507481233048,0.125,0.24
0.21125989976344,0.1275,0.24
0.211019761063854,0.13,0.24
0.210784686069118,0.1325,0.24
0.210555416982817,0.135,0.24
0.21033130272333,0.1375,0.24
0.210111102340171,0.14,0.24
0.209896101369234,0.1425,0.24
0.209686404256376,0.145,0.24
0.20948168731169,0.1475,0.24
0.209281954725316,0.15,0.24
0.209087196071597,0.1525,0.24
0.208897246658088,0.155,0.24
0.20871195000867,0.1575,0.24
0.208531121805197,0.16,0.24
0.208354045718075,0.1625,0.24
0.208180848888235,0.165,0.24
0.208011793600075,0.1675,0.24
0.207846668463083,0.17,0.24
0.207685481645813,0.1725,0.24
0.207527961554854,0.175,0.24
0.2073739737243,0.1775,0.24
0.207223631132672,0.18,0.24
0.207076874238941,0.1825,0.24
0.206933572067638,0.185,0.24
0.206793124542527,0.1875,0.24
0.206655644811813,0.19,0.24
0.206521317497394,0.1925,0.24
0.206390096537756,0.195,0.24
0.206261761295329,0.1975,0.24
0.20613622945191,0.2,0.24
0.206013548938095,0.2025,0.24
0.205893790712551,0.205,0.24
0.205776882265293,0.2075,0.24
0.205662744303511,0.21,0.24
0.205550992463928,0.2125,0.24
0.205441594507339,0.215,0.24
0.20533445975092,0.2175,0.24
0.205229768430192,0.22,0.24
0.205127493255596,0.2225,0.24
0.205027487301428,0.225,0.24
0.204929753627739,0.2275,0.24
0.204834211257797,0.23,0.24
0.204740943005747,0.2325,0.24
0.204649890100432,0.235,0.24
0.204560894400144,0.2375,0.24
0.204473441846604,0.24,0.24
0.204388033007974,0.2425,0.24
0.204304337686167,0.245,0.24
0.204222510460913,0.2475,0.24
0.204142678842789,0.25,0.24
0.20406478779611,0.2525,0.24
0.203988784194961,0.255,0.24
0.203914616557259,0.2575,0.24
0.203842225551832,0.26,0.24
0.203770926118936,0.2625,0.24
0.203701215222459,0.265,0.24
0.203633248821851,0.2675,0.24
0.203566623571052,0.27,0.24
0.203501485533004,0.2725,0.24
0.203438063686018,0.275,0.24
0.203376227308631,0.2775,0.24
0.203314778829816,0.28,0.24
0.203255871562946,0.2825,0.24
0.203189163845116,0.285,0.24
0.203132351244642,0.2875,0.24
0.203076359010744,0.29,0.24
0.203022358806763,0.2925,0.24
0.20297854409947,0.295,0.24
0.202926556840076,0.2975,0.24
0.202875663937073,0.3,0.24
0.202825873448052,0.3025,0.24
0.202777173536124,0.305,0.24
0.202729551207265,0.3075,0.24
0.202682930948552,0.31,0.24
0.202637301168331,0.3125,0.24
0.202592668672211,0.315,0.24
0.202549022535028,0.3175,0.24
0.202506349890377,0.32,0.24
0.202464607327261,0.3225,0.24
0.202423795749025,0.325,0.24
0.20238389353134,0.3275,0.24
0.202344879585386,0.33,0.24
0.202306733299705,0.3325,0.24
0.202269434632051,0.335,0.24
0.202232964008439,0.3375,0.24
0.202197302407546,0.34,0.24
0.202162431284091,0.3425,0.24
0.202128332545659,0.345,0.24
0.202094988494492,0.3475,0.24
0.202062381885422,0.35,0.24
0.202030495905005,0.3525,0.24
0.201999314126174,0.355,0.24
0.20196882057209,0.3575,0.24
0.201938999649905,0.36,0.24
0.201909836138235,0.3625,0.24
0.201881315178946,0.365,0.24
0.201853422268247,0.3675,0.24
0.201826143247616,0.37,0.24
0.201799464294812,0.3725,0.24
0.201773370608091,0.375,0.24
0.201747841208386,0.3775,0.24
0.201722872838829,0.38,0.24
0.201698452913919,0.3825,0.24
0.201674569143839,0.385,0.24
0.2016512095268,0.3875,0.24
0.201628358955646,0.39,0.24
0.201606003608585,0.3925,0.24
0.201584138468892,0.395,0.24
0.201562745658626,0.3975,0.24
0.201541820054887,0.4,0.24
0.201521352955029,0.4025,0.24
0.201501334146607,0.405,0.24
0.201481753653084,0.4075,0.24
0.201462601727937,0.41,0.24
0.20144386884894,0.4125,0.24
0.20142554116978,0.415,0.24
0.201407611457694,0.4175,0.24
0.201390073766779,0.42,0.24
0.201372919402911,0.4225,0.24
0.201356139880063,0.425,0.24
0.201339726903656,0.4275,0.24
0.201323672366772,0.43,0.24
0.201307968346224,0.4325,0.24
0.2012926070984,0.435,0.24
0.201277581055078,0.4375,0.24
0.201262882804112,0.44,0.24
0.201248505096359,0.4425,0.24
0.20123444087055,0.445,0.24
0.201220683223837,0.4475,0.24
0.201207225407449,0.45,0.24
0.201194060822007,0.4525,0.24
0.201181182994915,0.455,0.24
0.201168585617018,0.4575,0.24
0.201156262529265,0.46,0.24
0.201144207709021,0.4625,0.24
0.201132415267471,0.465,0.24
0.201120879446994,0.4675,0.24
0.20110959461833,0.47,0.24
0.201098555277716,0.4725,0.24
0.20108775604404,0.475,0.24
0.20107719165604,0.4775,0.24
0.201066856969562,0.48,0.24
0.201056746954874,0.4825,0.24
0.201046856682731,0.485,0.24
0.201037181332756,0.4875,0.24
0.2010277162066,0.49,0.24
0.201018456709374,0.4925,0.24
0.201009398347107,0.495,0.24
0.201000528800134,0.4975,0.24
0.200991840850075,0.5,0.24
0.200983341604615,0.5025,0.24
0.200975026941053,0.505,0.24
0.20096689282783,0.5075,0.24
0.200958935322485,0.51,0.24
0.20095115056964,0.5125,0.24
0.200943531464518,0.515,0.24
0.200936070049231,0.5175,0.24
0.200928770594466,0.52,0.24
0.200921629566621,0.5225,0.24
0.200914643510017,0.525,0.24
0.20090780904514,0.5275,0.24
0.200901122866927,0.53,0.24
0.200894581743088,0.5325,0.24
0.200888182512475,0.535,0.24
0.200881922083479,0.5375,0.24
0.200875797432475,0.54,0.24
0.200869805602295,0.5425,0.24
0.200863943700739,0.545,0.24
0.200858208899125,0.5475,0.24
0.200852598430867,0.55,0.24
0.200847109590087,0.5525,0.24
0.200841739730264,0.555,0.24
0.200836486262903,0.5575,0.24
0.200831346656252,0.56,0.24
0.200826318434029,0.5625,0.24
0.200821399174196,0.565,0.24
0.200816586507747,0.5675,0.24
0.200811878117534,0.57,0.24
0.200807271737113,0.5725,0.24
0.200802765149621,0.575,0.24
0.200798356186674,0.5775,0.24
0.200794042727297,0.58,0.24
0.200789822696871,0.5825,0.24
0.200785694066108,0.585,0.24
0.200781654850049,0.5875,0.24
0.200777703107083,0.59,0.24
0.200773836937992,0.5925,0.24
0.20077005448501,0.595,0.24
0.200766353930915,0.5975,0.24
0.200762733498128,0.6,0.24
0.200759191447843,0.6025,0.24
0.200755722657619,0.605,0.24
0.200752327649955,0.6075,0.24
0.200749006140119,0.61,0.24
0.200745756533417,0.6125,0.24
0.200742577269915,0.615,0.24
0.200739466823671,0.6175,0.24
0.20073642370199,0.62,0.24
0.20073344644469,0.6225,0.24
0.20073053362339,0.625,0.24
0.200727683840812,0.6275,0.24
0.200724895730096,0.63,0.24
0.200722167954134,0.6325,0.24
0.200719499204916,0.635,0.24
0.200716888202896,0.6375,0.24
0.20071433369636,0.64,0.24
0.200711834460825,0.6425,0.24
0.200709389298436,0.645,0.24
0.200706997037385,0.6475,0.24
0.200704656531343,0.65,0.24
0.200702366658899,0.6525,0.24
0.200700126323014,0.655,0.24
0.200697934188161,0.6575,0.24
0.200695786641773,0.66,0.24
0.20069368555129,0.6625,0.24
0.200691629910335,0.665,0.24
0.200689618734397,0.6675,0.24
0.20068765106035,0.67,0.24
0.200685725945989,0.6725,0.24
0.200683842469569,0.675,0.24
0.20068199972936,0.6775,0.24
0.200680196843214,0.68,0.24
0.200678432947473,0.6825,0.24
0.200676707194662,0.685,0.24
0.200675018758922,0.6875,0.24
0.200673366832842,0.69,0.24
0.200671750626323,0.6925,0.24
0.200670169366296,0.695,0.24
0.200668622296407,0.6975,0.24
0.200667108676676,0.7,0.24
0.200665627783155,0.7025,0.24
0.200664178907585,0.705,0.24
0.200662761357058,0.7075,0.24
0.200661374453686,0.71,0.24
0.200660017534276,0.7125,0.24
0.20065868995001,0.715,0.24
0.200657391066135,0.7175,0.24
0.200656120261653,0.72,0.24
0.200654876929029,0.7225,0.24
0.200653660473892,0.725,0.24
0.200652470314753,0.7275,0.24
0.200651305882722,0.73,0.24
0.200650166621237,0.7325,0.24
0.200649051985794,0.735,0.24
0.200647961443687,0.7375,0.24
0.200646894473749,0.74,0.24
0.200645850566103,0.7425,0.24
0.200644829221918,0.745,0.24
0.200643829953165,0.7475,0.24
0.200642852282387,0.75,0.24
0.200641895742466,0.7525,0.24
0.200640959876401,0.755,0.24
0.200640044237086,0.7575,0.24
0.200639148387098,0.76,0.24
0.200638271898484,0.7625,0.24
0.200637414352556,0.765,0.24
0.200636575339692,0.7675,0.24
0.200635754459137,0.77,0.24
0.200634951318812,0.7725,0.24
0.200634165535125,0.775,0.24
0.200633396732787,0.7775,0.24
0.200632644544631,0.78,0.24
0.200631908611439,0.7825,0.24
0.200631188581766,0.785,0.24
0.200630484111773,0.7875,0.24
0.200629794865063,0.79,0.24
0.200629120512516,0.7925,0.24
0.200628460732137,0.795,0.24
0.200627815208896,0.7975,0.24
0.200627183634581,0.8,0.24
0.200626565707648,0.8025,0.24
0.200625961133077,0.805,0.24
0.20062536962223,0.8075,0.24
0.200624790892715,0.81,0.24
0.200624224668248,0.8125,0.24
0.200623670678522,0.815,0.24
0.200623128659077,0.8175,0.24
0.200622598351174,0.82,0.24
0.200622079501672,0.8225,0.24
0.200621571862901,0.825,0.24
0.200621075192553,0.8275,0.24
0.200620589253558,0.83,0.24
0.200620113813974,0.8325,0.24
0.200619648646874,0.835,0.24
0.200619193530241,0.8375,0.24
0.200618748246858,0.84,0.24
0.200618312584205,0.8425,0.24
0.200617886334359,0.845,0.24
0.200617469293892,0.8475,0.24
0.200617061263775,0.85,0.24
0.200616662049284,0.8525,0.24
0.200616271459904,0.855,0.24
0.200615889309239,0.8575,0.24
0.200615515414926,0.86,0.24
0.200615149598541,0.8625,0.24
0.200614791685521,0.865,0.24
0.200614441505076,0.8675,0.24
0.200614098890107,0.87,0.24
0.200613763677129,0.8725,0.24
0.200613435706192,0.875,0.24
0.200613114820802,0.8775,0.24
0.200612800867851,0.88,0.24
0.200612493697537,0.8825,0.24
0.2006121931633,0.885,0.24
0.200611899121745,0.8875,0.24
0.20061161143258,0.89,0.24
0.200611329958543,0.8925,0.24
0.20061105456534,0.895,0.24
0.20061078512158,0.8975,0.24
0.200610521498711,0.9,0.24
0.200610263570962,0.9025,0.24
0.200610011215277,0.905,0.24
0.200609764311263,0.9075,0.24
0.200609522741127,0.91,0.24
0.200609286389623,0.9125,0.24
0.200609055143996,0.915,0.24
0.200608828893927,0.9175,0.24
0.200608607531482,0.92,0.24
0.20060839095106,0.9225,0.24
0.200608179049341,0.925,0.24
0.200607971725239,0.9275,0.24
0.200607768879852,0.93,0.24
0.200607570416417,0.9325,0.24
0.20060737624026,0.935,0.24
0.200607186258754,0.9375,0.24
0.200607000381273,0.94,0.24
0.200606818519151,0.9425,0.24
0.200606640585636,0.945,0.24
0.200606466495854,0.9475,0.24
0.20060629616676,0.95,0.24
0.200606129517109,0.9525,0.24
0.200605966467408,0.955,0.24
0.200605806939883,0.9575,0.24
0.200605650858441,0.96,0.24
0.200605498148632,0.9625,0.24
0.200605348737615,0.965,0.24
0.200605202554125,0.9675,0.24
0.200605059528434,0.97,0.24
0.200604919592323,0.9725,0.24
0.200604782679046,0.975,0.24
0.200604648723298,0.9775,0.24
0.200604517661188,0.98,0.24
0.200604389430204,0.9825,0.24
0.200604263969182,0.985,0.24
0.200604141218285,0.9875,0.24
0.200604021118964,0.99,0.24
0.200603903613939,0.9925,0.24
0.200603788647163,0.995,0.24
0.200603676163805,0.9975,0.24
0.200603566110215,1,0.24
0.200603458433904,1.0025,0.24
0.200603353083516,1.005,0.24
0.200603250008806,1.0075,0.24
0.200603149160612,1.01,0.24
0.200603050490838,1.0125,0.24
0.200602953952423,1.015,0.24
0.200602859499326,1.0175,0.24
0.200602767086498,1.02,0.24
0.200602676669866,1.0225,0.24
0.200602588206308,1.025,0.24
0.200602501653632,1.0275,0.24
0.200602416970561,1.03,0.24
0.200602334116706,1.0325,0.24
0.200602253052554,1.035,0.24
0.200602173739443,1.0375,0.24
0.200602096139548,1.04,0.24
0.200602020215859,1.0425,0.24
0.200601945932169,1.045,0.24
0.200601873253051,1.0475,0.24
0.200601802143842,1.05,0.24
0.200601732570631,1.0525,0.24
0.200601664500238,1.055,0.24
0.200601597900198,1.0575,0.24
0.200601532738752,1.06,0.24
0.200601468984823,1.0625,0.24
0.200601406608006,1.065,0.24
0.200601345578554,1.0675,0.24
0.200601285867363,1.07,0.24
0.200601227445956,1.0725,0.24
0.200601170286472,1.075,0.24
0.200601114361652,1.0775,0.24
0.200601059644827,1.08,0.24
0.200601006109901,1.0825,0.24
0.200600953731345,1.085,0.24
0.20060090248418,1.0875,0.24
0.200600852343967,1.09,0.24
0.200600803286794,1.0925,0.24
0.200600755289267,1.095,0.24
0.200600708328496,1.0975,0.24
0.200600662382087,1.1,0.24
0.200600617428128,1.1025,0.24
0.200600573445181,1.105,0.24
0.200600530412273,1.1075,0.24
0.200600488308881,1.11,0.24
0.200600447114927,1.1125,0.24
0.200600406810766,1.115,0.24
0.200600367377179,1.1175,0.24
0.200600328795361,1.12,0.24
0.200600291046912,1.1225,0.24
0.200600254113831,1.125,0.24
0.200600217978506,1.1275,0.24
0.200600182623705,1.13,0.24
0.200600148032568,1.1325,0.24
0.200600114188599,1.135,0.24
0.20060008107566,1.1375,0.24
0.20060004867796,1.14,0.24
0.200600016980048,1.1425,0.24
0.20059998596681,1.145,0.24
0.200599955623456,1.1475,0.24
0.200599925935517,1.15,0.24
0.200599896888834,1.1525,0.24
0.200599868469557,1.155,0.24
0.200599840664134,1.1575,0.24
0.200599813459305,1.16,0.24
0.200599786842097,1.1625,0.24
0.200599760799817,1.165,0.24
0.200599735320046,1.1675,0.24
0.200599710390635,1.17,0.24
0.200599685999695,1.1725,0.24
0.200599662135595,1.175,0.24
0.200599638786956,1.1775,0.24
0.200599615942642,1.18,0.24
0.200599593591762,1.1825,0.24
0.200599571723655,1.185,0.24
0.200599550327895,1.1875,0.24
0.200599529394279,1.19,0.24
0.200599508912824,1.1925,0.24
0.200599488873764,1.195,0.24
0.200599469267542,1.1975,0.24
0.20059945008481,1.2,0.24
0.200599431316419,1.2025,0.24
0.200599412953421,1.205,0.24
0.200599394987058,1.2075,0.24
0.200599377408764,1.21,0.24
0.200599360210155,1.2125,0.24
0.200599343383031,1.215,0.24
0.200599326919368,1.2175,0.24
0.200599310811314,1.22,0.24
0.200599295051189,1.2225,0.24
0.200599279631478,1.225,0.24
0.200599264544827,1.2275,0.24
0.200599249784042,1.23,0.24
0.200599235342085,1.2325,0.24
0.200599221212069,1.235,0.24
0.200599207387256,1.2375,0.24
0.200599193861054,1.24,0.24
0.200599180627013,1.2425,0.24
0.200599167678821,1.245,0.24
0.200599155010305,1.2475,0.24
0.200599142615424,1.25,0.24
0.200599130488267,1.2525,0.24
0.200599118623052,1.255,0.24
0.20059910701412,1.2575,0.24
0.200599095655936,1.26,0.24
0.200599084543083,1.2625,0.24
0.200599073670263,1.265,0.24
0.200599063032291,1.2675,0.24
0.200599052624094,1.27,0.24
0.20059904244071,1.2725,0.24
0.200599032477281,1.275,0.24
0.200599022729058,1.2775,0.24
0.200599013191391,1.28,0.24
0.200599003859733,1.2825,0.24
0.200598994729634,1.285,0.24
0.20059898579674,1.2875,0.24
0.200598977056793,1.29,0.24
0.200598968505623,1.2925,0.24
0.200598960139154,1.295,0.24
0.200598951953396,1.2975,0.24
0.200598943944445,1.3,0.24
0.200598936108484,1.3025,0.24
0.200598928441775,1.305,0.24
0.200598920940662,1.3075,0.24
0.200598913601569,1.31,0.24
0.200598906420995,1.3125,0.24
0.200598899395518,1.315,0.24
0.200598892521787,1.3175,0.24
0.200598885796524,1.32,0.24
0.200598879216522,1.3225,0.24
0.200598872778644,1.325,0.24
0.200598866479821,1.3275,0.24
0.200598860317047,1.33,0.24
0.200598854287385,1.3325,0.24
0.20059884838796,1.335,0.24
0.200598842615959,1.3375,0.24
0.200598836968628,1.34,0.24
0.200598831443276,1.3425,0.24
0.200598826037268,1.345,0.24
0.200598820748025,1.3475,0.24
0.200598815573026,1.35,0.24
0.200598810509804,1.3525,0.24
0.200598805555943,1.355,0.24
0.200598800709081,1.3575,0.24
0.200598795966908,1.36,0.24
0.200598791327163,1.3625,0.24
0.200598786787632,1.365,0.24
0.200598782346151,1.3675,0.24
0.200598778000602,1.37,0.24
0.200598773748914,1.3725,0.24
0.200598769589058,1.375,0.24
0.200598765519052,1.3775,0.24
0.200598761536955,1.38,0.24
0.200598757640867,1.3825,0.24
0.200598753828931,1.385,0.24
0.20059875009933,1.3875,0.24
0.200598746450284,1.39,0.24
0.200598742880055,1.3925,0.24
0.200598739386939,1.395,0.24
0.200598735969271,1.3975,0.24
0.200598732625422,1.4,0.24
0.200598729353796,1.4025,0.24
0.200598726152834,1.405,0.24
0.20059872302101,1.4075,0.24
0.200598719956829,1.41,0.24
0.200598716958832,1.4125,0.24
0.200598714025589,1.415,0.24
0.2005987111557,1.4175,0.24
0.200598708347798,1.42,0.24
0.200598705600543,1.4225,0.24
0.200598702912626,1.425,0.24
0.200598700282765,1.4275,0.24
0.200598697709705,1.43,0.24
0.200598695192221,1.4325,0.24
0.200598692729112,1.435,0.24
0.200598690319202,1.4375,0.24
0.200598687961344,1.44,0.24
0.200598685654412,1.4425,0.24
0.200598683397307,1.445,0.24
0.200598681188953,1.4475,0.24
0.200598679028297,1.45,0.24
0.200598676914307,1.4525,0.24
0.200598674845977,1.455,0.24
0.20059867282232,1.4575,0.24
0.200598670842371,1.46,0.24
0.200598668905186,1.4625,0.24
0.200598667009842,1.465,0.24
0.200598665155434,1.4675,0.24
0.200598663341079,1.47,0.24
0.200598661565911,1.4725,0.24
0.200598659829084,1.475,0.24
0.200598658129769,1.4775,0.24
0.200598656467158,1.48,0.24
0.200598654840455,1.4825,0.24
0.200598653248887,1.485,0.24
0.200598651691694,1.4875,0.24
0.200598650168134,1.49,0.24
0.20059864867748,1.4925,0.24
0.200598647219022,1.495,0.24
0.200598645792063,1.4975,0.24
0.200598644395925,1.5,0.24
0.20059864302994,1.5025,0.24
0.200598641693458,1.505,0.24
0.200598640385841,1.5075,0.24
0.200598639106467,1.51,0.24
0.200598637854724,1.5125,0.24
0.200598636630016,1.515,0.24
0.20059863543176,1.5175,0.24
0.200598634259383,1.52,0.24
0.200598633112327,1.5225,0.24
0.200598631990046,1.525,0.24
0.200598630892002,1.5275,0.24
0.200598629817675,1.53,0.24
0.20059862876655,1.5325,0.24
0.200598627738127,1.535,0.24
0.200598626731915,1.5375,0.24
0.200598625747435,1.54,0.24
0.200598624784218,1.5425,0.24
0.200598623841803,1.545,0.24
0.200598622919743,1.5475,0.24
0.200598622017596,1.55,0.24
0.200598621134933,1.5525,0.24
0.200598620271334,1.555,0.24
0.200598619426386,1.5575,0.24
0.200598618599686,1.56,0.24
0.200598617790841,1.5625,0.24
0.200598616999464,1.565,0.24
0.200598616225179,1.5675,0.24
0.200598615467616,1.57,0.24
0.200598614726414,1.5725,0.24
0.200598614001219,1.575,0.24
0.200598613291687,1.5775,0.24
0.200598612597478,1.58,0.24
0.200598611918262,1.5825,0.24
0.200598611253714,1.585,0.24
0.200598610603518,1.5875,0.24
0.200598609967365,1.59,0.24
0.20059860934495,1.5925,0.24
0.200598608735976,1.595,0.24
0.200598608140155,1.5975,0.24
0.2005986075572,1.6,0.24
0.200598606986836,1.6025,0.24
0.200598606428789,1.605,0.24
0.200598605882793,1.6075,0.24
0.200598605348589,1.61,0.24
0.200598604825921,1.6125,0.24
0.200598604314541,1.615,0.24
0.200598603814204,1.6175,0.24
0.200598603324672,1.62,0.24
0.200598602845712,1.6225,0.24
0.200598602377095,1.625,0.24
0.200598601918598,1.6275,0.24
0.200598601470003,1.63,0.24
0.200598601031095,1.6325,0.24
0.200598600601665,1.635,0.24
0.200598600181508,1.6375,0.24
0.200598599770425,1.64,0.24
0.200598599368219,1.6425,0.24
0.200598598974698,1.645,0.24
0.200598598589676,1.6475,0.24
0.200598598212967,1.65,0.24
0.200598597844394,1.6525,0.24
0.200598597483779,1.655,0.24
0.200598597130951,1.6575,0.24
0.200598596785742,1.66,0.24
0.200598596447988,1.6625,0.24
0.200598596117527,1.665,0.24
0.200598595794202,1.6675,0.24
0.200598595477858,1.67,0.24
0.200598595168345,1.6725,0.24
0.200598594865516,1.675,0.24
0.200598594569225,1.6775,0.24
0.200598594279332,1.68,0.24
0.200598593995699,1.6825,0.24
0.20059859371819,1.685,0.24
0.200598593446673,1.6875,0.24
0.200598593181019,1.69,0.24
0.200598592921101,1.6925,0.24
0.200598592666795,1.695,0.24
0.200598592417979,1.6975,0.24
0.200598592174536,1.7,0.24
0.20059859193635,1.7025,0.24
0.200598591703305,1.705,0.24
0.200598591475293,1.7075,0.24
0.200598591252204,1.71,0.24
0.200598591033931,1.7125,0.24
0.20059859082037,1.715,0.24
0.200598590611421,1.7175,0.24
0.200598590406983,1.72,0.24
0.200598590206958,1.7225,0.24
0.200598590011252,1.725,0.24
0.200598589819771,1.7275,0.24
0.200598589632424,1.73,0.24
0.200598589449121,1.7325,0.24
0.200598589269776,1.735,0.24
0.200598589094302,1.7375,0.24
0.200598588922617,1.74,0.24
0.200598588754637,1.7425,0.24
0.200598588590285,1.745,0.24
0.20059858842948,1.7475,0.24
0.200598588272146,1.75,0.24
0.200598588118209,1.7525,0.24
0.200598587967594,1.755,0.24
0.200598587820231,1.7575,0.24
0.200598587676049,1.76,0.24
0.200598587534979,1.7625,0.24
0.200598587396954,1.765,0.24
0.200598587261908,1.7675,0.24
0.200598587129777,1.77,0.24
0.200598587000498,1.7725,0.24
0.20059858687401,1.775,0.24
0.200598586750251,1.7775,0.24
0.200598586629164,1.78,0.24
0.20059858651069,1.7825,0.24
0.200598586394773,1.785,0.24
0.200598586281358,1.7875,0.24
0.20059858617039,1.79,0.24
0.200598586061818,1.7925,0.24
0.200598585955588,1.795,0.24
0.200598585851651,1.7975,0.24
0.200598585749956,1.8,0.24
0.200598585650457,1.8025,0.24
0.200598585553104,1.805,0.24
0.200598585457852,1.8075,0.24
0.200598585364656,1.81,0.24
0.20059858527347,1.8125,0.24
0.200598585184253,1.815,0.24
0.20059858509696,1.8175,0.24
0.20059858501155,1.82,0.24
0.200598584927984,1.8225,0.24
0.20059858484622,1.825,0.24
0.20059858476622,1.8275,0.24
0.200598584687947,1.83,0.24
0.200598584611361,1.8325,0.24
0.200598584536429,1.835,0.24
0.200598584463112,1.8375,0.24
0.200598584391377,1.84,0.24
0.20059858432119,1.8425,0.24
0.200598584252517,1.845,0.24
0.200598584185324,1.8475,0.24
0.200598584119581,1.85,0.24
0.200598584055257,1.8525,0.24
0.200598583992319,1.855,0.24
0.200598583930739,1.8575,0.24
0.200598583870487,1.86,0.24
0.200598583811534,1.8625,0.24
0.200598583753853,1.865,0.24
0.200598583697416,1.8675,0.24
0.200598583642195,1.87,0.24
0.200598583588165,1.8725,0.24
0.200598583535301,1.875,0.24
0.200598583483576,1.8775,0.24
0.200598583432966,1.88,0.24
0.200598583383447,1.8825,0.24
0.200598583334996,1.885,0.24
0.20059858328759,1.8875,0.24
0.200598583241205,1.89,0.24
0.200598583195821,1.8925,0.24
0.200598583151414,1.895,0.24
0.200598583107965,1.8975,0.24
0.200598583065452,1.9,0.24
0.200598583023855,1.9025,0.24
0.200598582983155,1.905,0.24
0.200598582943332,1.9075,0.24
0.200598582904367,1.91,0.24
0.200598582866241,1.9125,0.24
0.200598582828937,1.915,0.24
0.200598582792437,1.9175,0.24
0.200598582756723,1.92,0.24
0.200598582721779,1.9225,0.24
0.200598582687587,1.925,0.24
0.200598582654132,1.9275,0.24
0.200598582621397,1.93,0.24
0.200598582589367,1.9325,0.24
0.200598582558028,1.935,0.24
0.200598582527363,1.9375,0.24
0.200598582497358,1.94,0.24
0.200598582468,1.9425,0.24
0.200598582439273,1.945,0.24
0.200598582411165,1.9475,0.24
0.200598582383662,1.95,0.24
0.200598582356751,1.9525,0.24
0.20059858233042,1.955,0.24
0.200598582304655,1.9575,0.24
0.200598582279444,1.96,0.24
0.200598582254776,1.9625,0.24
0.200598582230639,1.965,0.24
0.200598582207021,1.9675,0.24
0.200598582183911,1.97,0.24
0.200598582161299,1.9725,0.24
0.200598582139173,1.975,0.24
0.200598582117522,1.9775,0.24
0.200598582096338,1.98,0.24
0.200598582075608,1.9825,0.24
0.200598582055325,1.985,0.24
0.200598582035477,1.9875,0.24
0.200598582016057,1.99,0.24
0.200598581997054,1.9925,0.24
0.200598581978459,1.995,0.24
0.200598581960263,1.9975,0.24
0.200598581942459,2,0.24
0.200598581925037,2.0025,0.24
0.20059858190799,2.005,0.24
0.200598581891309,2.0075,0.24
0.200598581874986,2.01,0.24
0.200598581859013,2.0125,0.24
0.200598581843384,2.015,0.24
0.20059858182809,2.0175,0.24
0.200598581813124,2.02,0.24
0.20059858179848,2.0225,0.24
0.20059858178415,2.025,0.24
0.200598581770127,2.0275,0.24
0.200598581756406,2.03,0.24
0.200598581742978,2.0325,0.24
0.200598581729839,2.035,0.24
0.200598581716981,2.0375,0.24
0.200598581704399,2.04,0.24
0.200598581692087,2.0425,0.24
0.200598581680039,2.045,0.24
0.200598581668249,2.0475,0.24
0.200598581656712,2.05,0.24
0.200598581645421,2.0525,0.24
0.200598581634373,2.055,0.24
0.200598581623561,2.0575,0.24
0.200598581612981,2.06,0.24
0.200598581602627,2.0625,0.24
0.200598581592495,2.065,0.24
0.20059858158258,2.0675,0.24
0.200598581572876,2.07,0.24
0.200598581563381,2.0725,0.24
0.200598581554088,2.075,0.24
0.200598581544994,2.0775,0.24
0.200598581536095,2.08,0.24
0.200598581527385,2.0825,0.24
0.200598581518862,2.085,0.24
0.200598581510521,2.0875,0.24
0.200598581502358,2.09,0.24
0.200598581494369,2.0925,0.24
0.200598581486551,2.095,0.24
0.2005985814789,2.0975,0.24
0.200598581471412,2.1,0.24
0.200598581464083,2.1025,0.24
0.200598581456911,2.105,0.24
0.200598581449892,2.1075,0.24
0.200598581443022,2.11,0.24
0.200598581436299,2.1125,0.24
0.200598581429719,2.115,0.24
0.200598581423279,2.1175,0.24
0.200598581416976,2.12,0.24
0.200598581410807,2.1225,0.24
0.200598581404769,2.125,0.24
0.20059858139886,2.1275,0.24
0.200598581393077,2.13,0.24
0.200598581387416,2.1325,0.24
0.200598581381875,2.135,0.24
0.200598581376452,2.1375,0.24
0.200598581371145,2.14,0.24
0.20059858136595,2.1425,0.24
0.200598581360865,2.145,0.24
0.200598581355887,2.1475,0.24
0.200598581351016,2.15,0.24
0.200598581346247,2.1525,0.24
0.20059858134158,2.155,0.24
0.200598581337011,2.1575,0.24
0.200598581332539,2.16,0.24
0.200598581328161,2.1625,0.24
0.200598581323876,2.165,0.24
0.200598581319682,2.1675,0.24
0.200598581315576,2.17,0.24
0.200598581311556,2.1725,0.24
0.200598581307622,2.175,0.24
0.20059858130377,2.1775,0.24
0.2005985813,2.18,0.24
0.200598581296309,2.1825,0.24
0.200598581292696,2.185,0.24
0.200598581289158,2.1875,0.24
0.200598581285696,2.19,0.24
0.200598581282305,2.1925,0.24
0.200598581278987,2.195,0.24
0.200598581275737,2.1975,0.24
0.200598581272556,2.2,0.24
0.200598581269442,2.2025,0.24
0.200598581266393,2.205,0.24
0.200598581263407,2.2075,0.24
0.200598581260485,2.21,0.24
0.200598581257623,2.2125,0.24
0.200598581254821,2.215,0.24
0.200598581252077,2.2175,0.24
0.200598581249391,2.22,0.24
0.200598581246761,2.2225,0.24
0.200598581244186,2.225,0.24
0.200598581241664,2.2275,0.24
0.200598581239194,2.23,0.24
0.200598581236776,2.2325,0.24
0.200598581234408,2.235,0.24
0.200598581232089,2.2375,0.24
0.200598581229819,2.24,0.24
0.200598581227595,2.2425,0.24
0.200598581225417,2.245,0.24
0.200598581223285,2.2475,0.24
0.200598581221196,2.25,0.24
0.20059858121915,2.2525,0.24
0.200598581217147,2.255,0.24
0.200598581215185,2.2575,0.24
0.200598581213263,2.26,0.24
0.20059858121138,2.2625,0.24
0.200598581209537,2.265,0.24
0.200598581207731,2.2675,0.24
0.200598581205962,2.27,0.24
0.200598581204229,2.2725,0.24
0.200598581202531,2.275,0.24
0.200598581200869,2.2775,0.24
0.20059858119924,2.28,0.24
0.200598581197644,2.2825,0.24
0.200598581196081,2.285,0.24
0.20059858119455,2.2875,0.24
0.200598581193049,2.29,0.24
0.200598581191579,2.2925,0.24
0.200598581190139,2.295,0.24
0.200598581188727,2.2975,0.24
0.200598581187344,2.3,0.24
0.200598581185989,2.3025,0.24
0.200598581184661,2.305,0.24
0.20059858118336,2.3075,0.24
0.200598581182085,2.31,0.24
0.200598581180836,2.3125,0.24
0.200598581179611,2.315,0.24
0.200598581178411,2.3175,0.24
0.200598581177235,2.32,0.24
0.200598581176082,2.3225,0.24
0.200598581174952,2.325,0.24
0.200598581173844,2.3275,0.24
0.200598581172759,2.33,0.24
0.200598581171694,2.3325,0.24
0.200598581170651,2.335,0.24
0.200598581169628,2.3375,0.24
0.200598581168625,2.34,0.24
0.200598581167642,2.3425,0.24
0.200598581166678,2.345,0.24
0.200598581165733,2.3475,0.24
0.200598581164806,2.35,0.24
0.200598581163897,2.3525,0.24
0.200598581163006,2.355,0.24
0.200598581162132,2.3575,0.24
0.200598581161275,2.36,0.24
0.200598581160435,2.3625,0.24
0.20059858115961,2.365,0.24
0.200598581158801,2.3675,0.24
0.200598581158008,2.37,0.24
0.20059858115723,2.3725,0.24
0.200598581156467,2.375,0.24
0.200598581155718,2.3775,0.24
0.200598581154983,2.38,0.24
0.200598581154262,2.3825,0.24
0.200598581153555,2.385,0.24
0.20059858115286,2.3875,0.24
0.200598581152179,2.39,0.24
0.200598581151511,2.3925,0.24
0.200598581150855,2.395,0.24
0.200598581150211,2.3975,0.24
0.200598581149579,2.4,0.24
0.200598581148958,2.4025,0.24
0.200598581148349,2.405,0.24
0.200598581147751,2.4075,0.24
0.200598581147164,2.41,0.24
0.200598581146588,2.4125,0.24
0.200598581146022,2.415,0.24
0.200598581145466,2.4175,0.24
0.20059858114492,2.42,0.24
0.200598581144384,2.4225,0.24
0.200598581143858,2.425,0.24
0.20059858114334,2.4275,0.24
0.200598581142832,2.43,0.24
0.200598581142333,2.4325,0.24
0.200598581141843,2.435,0.24
0.200598581141361,2.4375,0.24
0.200598581140888,2.44,0.24
0.200598581140422,2.4425,0.24
0.200598581139965,2.445,0.24
0.200598581139516,2.4475,0.24
0.200598581139074,2.45,0.24
0.20059858113864,2.4525,0.24
0.200598581138213,2.455,0.24
0.200598581137793,2.4575,0.24
0.200598581137381,2.46,0.24
0.200598581136975,2.4625,0.24
0.200598581136576,2.465,0.24
0.200598581136184,2.4675,0.24
0.200598581135797,2.47,0.24
0.200598581135418,2.4725,0.24
0.200598581135044,2.475,0.24
0.200598581134677,2.4775,0.24
0.200598581134315,2.48,0.24
0.200598581133959,2.4825,0.24
0.200598581133609,2.485,0.24
0.200598581133265,2.4875,0.24
0.200598581132925,2.49,0.24
0.200598581132592,2.4925,0.24
0.200598581132263,2.495,0.24
0.200598581131939,2.4975,0.24
0.200598581131621,2.5,0.24
0.200598581131307,2.5025,0.24
0.200598581130998,2.505,0.24
0.200598581130693,2.5075,0.24
0.200598581130393,2.51,0.24
0.200598581130098,2.5125,0.24
0.200598581129807,2.515,0.24
0.20059858112952,2.5175,0.24
0.200598581129237,2.52,0.24
0.200598581128959,2.5225,0.24
0.200598581128684,2.525,0.24
0.200598581128413,2.5275,0.24
0.200598581128146,2.53,0.24
0.200598581127883,2.5325,0.24
0.200598581127623,2.535,0.24
0.200598581127367,2.5375,0.24
0.200598581127115,2.54,0.24
0.200598581126866,2.5425,0.24
0.20059858112662,2.545,0.24
0.200598581126378,2.5475,0.24
0.200598581126138,2.55,0.24
0.200598581125902,2.5525,0.24
0.200598581125669,2.555,0.24
0.200598581125439,2.5575,0.24
0.200598581125212,2.56,0.24
0.200598581124988,2.5625,0.24
0.200598581124766,2.565,0.24
0.200598581124548,2.5675,0.24
0.200598581124332,2.57,0.24
0.200598581124118,2.5725,0.24
0.200598581123908,2.575,0.24
0.200598581123699,2.5775,0.24
0.200598581123494,2.58,0.24
0.20059858112329,2.5825,0.24
0.200598581123089,2.585,0.24
0.20059858112289,2.5875,0.24
0.200598581122694,2.59,0.24
0.2005985811225,2.5925,0.24
0.200598581122308,2.595,0.24
0.200598581122118,2.5975,0.24
0.20059858112193,2.6,0.24
0.200598581121744,2.6025,0.24
0.20059858112156,2.605,0.24
0.200598581121378,2.6075,0.24
0.200598581121198,2.61,0.24
0.20059858112102,2.6125,0.24
0.200598581120843,2.615,0.24
0.200598581120669,2.6175,0.24
0.200598581120496,2.62,0.24
0.200598581120325,2.6225,0.24
0.200598581120155,2.625,0.24
0.200598581119987,2.6275,0.24
0.200598581119821,2.63,0.24
0.200598581119656,2.6325,0.24
0.200598581119493,2.635,0.24
0.200598581119332,2.6375,0.24
0.200598581119171,2.64,0.24
0.200598581119012,2.6425,0.24
0.200598581118855,2.645,0.24
0.200598581118699,2.6475,0.24
0.200598581118544,2.65,0.24
0.200598581118391,2.6525,0.24
0.200598581118239,2.655,0.24
0.200598581118088,2.6575,0.24
0.200598581117938,2.66,0.24
0.20059858111779,2.6625,0.24
0.200598581117642,2.665,0.24
0.200598581117496,2.6675,0.24
0.200598581117351,2.67,0.24
0.200598581117207,2.6725,0.24
0.200598581117064,2.675,0.24
0.200598581116923,2.6775,0.24
0.200598581116782,2.68,0.24
0.200598581116642,2.6825,0.24
0.200598581116503,2.685,0.24
0.200598581116366,2.6875,0.24
0.200598581116229,2.69,0.24
0.200598581116093,2.6925,0.24
0.200598581115958,2.695,0.24
0.200598581115824,2.6975,0.24
0.20059858111569,2.7,0.24
0.200598581115558,2.7025,0.24
0.200598581115426,2.705,0.24
0.200598581115295,2.7075,0.24
0.200598581115165,2.71,0.24
0.200598581115036,2.7125,0.24
0.200598581114908,2.715,0.24
0.20059858111478,2.7175,0.24
0.200598581114653,2.72,0.24
0.200598581114527,2.7225,0.24
0.200598581114401,2.725,0.24
0.200598581114276,2.7275,0.24
0.200598581114152,2.73,0.24
0.200598581114028,2.7325,0.24
0.200598581113905,2.735,0.24
0.200598581113783,2.7375,0.24
0.200598581113661,2.74,0.24
0.20059858111354,2.7425,0.24
0.200598581113419,2.745,0.24
0.200598581113299,2.7475,0.24
0.20059858111318,2.75,0.24
0.200598581113061,2.7525,0.24
0.200598581112943,2.755,0.24
0.200598581112825,2.7575,0.24
0.200598581112708,2.76,0.24
0.200598581112591,2.7625,0.24
0.200598581112474,2.765,0.24
0.200598581112358,2.7675,0.24
0.200598581112243,2.77,0.24
0.200598581112128,2.7725,0.24
0.200598581112014,2.775,0.24
0.2005985811119,2.7775,0.24
0.200598581111786,2.78,0.24
0.200598581111673,2.7825,0.24
0.20059858111156,2.785,0.24
0.200598581111448,2.7875,0.24
0.200598581111336,2.79,0.24
0.200598581111224,2.7925,0.24
0.200598581111113,2.795,0.24
0.200598581111002,2.7975,0.24
0.200598581110892,2.8,0.24
0.200598581110781,2.8025,0.24
0.200598581110672,2.805,0.24
0.200598581110562,2.8075,0.24
0.200598581110453,2.81,0.24
0.200598581110344,2.8125,0.24
0.200598581110236,2.815,0.24
0.200598581110127,2.8175,0.24
0.200598581110019,2.82,0.24
0.200598581109912,2.8225,0.24
0.200598581109805,2.825,0.24
0.200598581109698,2.8275,0.24
0.200598581109591,2.83,0.24
0.200598581109484,2.8325,0.24
0.200598581109378,2.835,0.24
0.200598581109272,2.8375,0.24
0.200598581109167,2.84,0.24
0.200598581109061,2.8425,0.24
0.200598581108956,2.845,0.24
0.200598581108851,2.8475,0.24
0.200598581108746,2.85,0.24
0.200598581108642,2.8525,0.24
0.200598581108537,2.855,0.24
0.200598581108433,2.8575,0.24
0.200598581108329,2.86,0.24
0.200598581108226,2.8625,0.24
0.200598581108122,2.865,0.24
0.200598581108019,2.8675,0.24
0.200598581107916,2.87,0.24
0.200598581107813,2.8725,0.24
0.20059858110771,2.875,0.24
0.200598581107608,2.8775,0.24
0.200598581107506,2.88,0.24
0.200598581107403,2.8825,0.24
0.200598581107301,2.885,0.24
0.2005985811072,2.8875,0.24
0.200598581107098,2.89,0.24
0.200598581106996,2.8925,0.24
0.200598581106895,2.895,0.24
0.200598581106794,2.8975,0.24
0.200598581106693,2.9,0.24
0.200598581106592,2.9025,0.24
0.200598581106491,2.905,0.24
0.200598581106391,2.9075,0.24
0.20059858110629,2.91,0.24
0.20059858110619,2.9125,0.24
0.200598581106089,2.915,0.24
0.200598581105989,2.9175,0.24
0.200598581105889,2.92,0.24
0.20059858110579,2.9225,0.24
0.20059858110569,2.925,0.24
0.20059858110559,2.9275,0.24
0.200598581105491,2.93,0.24
0.200598581105391,2.9325,0.24
0.200598581105292,2.935,0.24
0.200598581105193,2.9375,0.24
0.200598581105094,2.94,0.24
0.200598581104995,2.9425,0.24
0.200598581104896,2.945,0.24
0.200598581104797,2.9475,0.24
0.200598581104698,2.95,0.24
0.2005985811046,2.9525,0.24
0.200598581104501,2.955,0.24
0.200598581104403,2.9575,0.24
0.200598581104305,2.96,0.24
0.200598581104206,2.9625,0.24
0.200598581104108,2.965,0.24
0.20059858110401,2.9675,0.24
0.200598581103912,2.97,0.24
0.200598581103814,2.9725,0.24
0.200598581103716,2.975,0.24
0.200598581103618,2.9775,0.24
0.200598581103521,2.98,0.24
0.200598581103423,2.9825,0.24
0.200598581103325,2.985,0.24
0.200598581103228,2.9875,0.24
0.20059858110313,2.99,0.24
0.200598581103033,2.9925,0.24
0.200598581102936,2.995,0.24
0.200598581102839,2.9975,0.24
0.200598581102741,3,0.24
0.200598581102644,3.0025,0.24
0.200598581102547,3.005,0.24
0.20059858110245,3.0075,0.24
0.200598581102353,3.01,0.24
0.200598581102256,3.0125,0.24
0.20059858110216,3.015,0.24
0.200598581102063,3.0175,0.24
0.200598581101966,3.02,0.24
0.20059858110187,3.0225,0.24
0.200598581101773,3.025,0.24
0.200598581101677,3.0275,0.24
0.20059858110158,3.03,0.24
0.200598581101484,3.0325,0.24
0.200598581101387,3.035,0.24
0.200598581101291,3.0375,0.24
0.200598581101194,3.04,0.24
0.200598581101098,3.0425,0.24
0.200598581101002,3.045,0.24
0.200598581100906,3.0475,0.24
0.20059858110081,3.05,0.24
0.200598581100714,3.0525,0.24
0.200598581100617,3.055,0.24
0.200598581100521,3.0575,0.24
0.200598581100425,3.06,0.24
0.200598581100329,3.0625,0.24
0.200598581100233,3.065,0.24
0.200598581100137,3.0675,0.24
0.200598581100042,3.07,0.24
0.200598581099946,3.0725,0.24
0.20059858109985,3.075,0.24
0.200598581099754,3.0775,0.24
0.200598581099658,3.08,0.24
0.200598581099563,3.0825,0.24
0.200598581099467,3.085,0.24
0.200598581099371,3.0875,0.24
0.200598581099275,3.09,0.24
0.20059858109918,3.0925,0.24
0.200598581099084,3.095,0.24
0.200598581098988,3.0975,0.24
0.200598581098893,3.1,0.24
0.200598581098797,3.1025,0.24
0.200598581098701,3.105,0.24
0.200598581098606,3.1075,0.24
0.20059858109851,3.11,0.24
0.200598581098415,3.1125,0.24
0.200598581098319,3.115,0.24
0.200598581098224,3.1175,0.24
0.200598581098129,3.12,0.24
0.200598581098033,3.1225,0.24
0.200598581097938,3.125,0.24
0.200598581097843,3.1275,0.24
0.200598581097747,3.13,0.24
0.200598581097652,3.1325,0.24
0.200598581097557,3.135,0.24
0.200598581097461,3.1375,0.24
0.200598581097366,3.14,0.24
0.200598581097271,3.1425,0.24
0.200598581097176,3.145,0.24
0.20059858109708,3.1475,0.24
0.200598581096985,3.15,0.24
0.20059858109689,3.1525,0.24
0.200598581096795,3.155,0.24
0.2005985810967,3.1575,0.24
0.200598581096605,3.16,0.24
0.200598581096509,3.1625,0.24
0.200598581096414,3.165,0.24
0.200598581096319,3.1675,0.24
0.200598581096224,3.17,0.24
0.200598581096129,3.1725,0.24
0.200598581096034,3.175,0.24
0.200598581095939,3.1775,0.24
0.200598581095844,3.18,0.24
0.200598581095749,3.1825,0.24
0.200598581095654,3.185,0.24
0.200598581095559,3.1875,0.24
0.200598581095464,3.19,0.24
0.200598581095369,3.1925,0.24
0.200598581095274,3.195,0.24
0.200598581095179,3.1975,0.24
0.200598581095084,3.2,0.24
0.20059858109499,3.2025,0.24
0.200598581094895,3.205,0.24
0.2005985810948,3.2075,0.24
0.200598581094705,3.21,0.24
0.20059858109461,3.2125,0.24
0.200598581094515,3.215,0.24
0.20059858109442,3.2175,0.24
0.200598581094325,3.22,0.24
0.20059858109423,3.2225,0.24
0.200598581094136,3.225,0.24
0.200598581094041,3.2275,0.24
0.200598581093946,3.23,0.24
0.200598581093851,3.2325,0.24
0.200598581093756,3.235,0.24
0.200598581093662,3.2375,0.24
0.200598581093567,3.24,0.24
0.200598581093472,3.2425,0.24
0.200598581093377,3.245,0.24
0.200598581093282,3.2475,0.24
0.200598581093188,3.25,0.24
0.200598581093093,3.2525,0.24
0.200598581092998,3.255,0.24
0.200598581092903,3.2575,0.24
0.200598581092809,3.26,0.24
0.200598581092714,3.2625,0.24
0.200598581092619,3.265,0.24
0.200598581092524,3.2675,0.24
0.20059858109243,3.27,0.24
0.200598581092335,3.2725,0.24
0.20059858109224,3.275,0.24
0.200598581092145,3.2775,0.24
0.200598581092051,3.28,0.24
0.200598581091956,3.2825,0.24
0.200598581091861,3.285,0.24
0.200598581091766,3.2875,0.24
0.200598581091672,3.29,0.24
0.200598581091577,3.2925,0.24
0.200598581091482,3.295,0.24
0.200598581091388,3.2975,0.24
0.200598581091293,3.3,0.24
0.200598581091198,3.3025,0.24
0.200598581091103,3.305,0.24
0.200598581091009,3.3075,0.24
0.200598581090914,3.31,0.24
0.200598581090819,3.3125,0.24
0.200598581090724,3.315,0.24
0.20059858109063,3.3175,0.24
0.200598581090535,3.32,0.24
0.20059858109044,3.3225,0.24
0.200598581090346,3.325,0.24
0.200598581090251,3.3275,0.24
0.200598581090156,3.33,0.24
0.200598581090061,3.3325,0.24
0.200598581089967,3.335,0.24
0.200598581089872,3.3375,0.24
0.200598581089777,3.34,0.24
0.200598581089682,3.3425,0.24
0.200598581089588,3.345,0.24
0.200598581089493,3.3475,0.24
0.200598581089398,3.35,0.24
0.200598581089303,3.3525,0.24
0.200598581089209,3.355,0.24
0.200598581089114,3.3575,0.24
0.200598581089019,3.36,0.24
0.200598581088925,3.3625,0.24
0.20059858108883,3.365,0.24
0.200598581088735,3.3675,0.24
0.20059858108864,3.37,0.24
0.200598581088546,3.3725,0.24
0.200598581088451,3.375,0.24
0.200598581088356,3.3775,0.24
0.200598581088262,3.38,0.24
0.200598581088167,3.3825,0.24
0.200598581088072,3.385,0.24
0.200598581087977,3.3875,0.24
0.200598581087883,3.39,0.24
0.200598581087788,3.3925,0.24
0.200598581087693,3.395,0.24
0.200598581087599,3.3975,0.24
0.200598581087504,3.4,0.24
0.200598581087409,3.4025,0.24
0.200598581087314,3.405,0.24
0.20059858108722,3.4075,0.24
0.200598581087125,3.41,0.24
0.20059858108703,3.4125,0.24
0.200598581086935,3.415,0.24
0.200598581086841,3.4175,0.24
0.200598581086746,3.42,0.24
0.200598581086651,3.4225,0.24
0.200598581086556,3.425,0.24
0.200598581086462,3.4275,0.24
0.200598581086367,3.43,0.24
0.200598581086272,3.4325,0.24
0.200598581086177,3.435,0.24
0.200598581086083,3.4375,0.24
0.200598581085988,3.44,0.24
0.200598581085893,3.4425,0.24
0.200598581085798,3.445,0.24
0.200598581085704,3.4475,0.24
0.200598581085609,3.45,0.24
0.200598581085514,3.4525,0.24
0.20059858108542,3.455,0.24
0.200598581085325,3.4575,0.24
0.20059858108523,3.46,0.24
0.200598581085135,3.4625,0.24
0.20059858108504,3.465,0.24
0.200598581084946,3.4675,0.24
0.200598581084851,3.47,0.24
0.200598581084756,3.4725,0.24
0.200598581084662,3.475,0.24
0.200598581084567,3.4775,0.24
0.200598581084472,3.48,0.24
0.200598581084377,3.4825,0.24
0.200598581084282,3.485,0.24
0.200598581084188,3.4875,0.24
0.200598581084093,3.49,0.24
0.200598581083998,3.4925,0.24
0.200598581083903,3.495,0.24
0.200598581083808,3.4975,0.24
0.200598581083714,3.5,0.24
0.200598581083619,3.5025,0.24
0.200598581083524,3.505,0.24
0.200598581083429,3.5075,0.24
0.200598581083335,3.51,0.24
0.20059858108324,3.5125,0.24
0.200598581083145,3.515,0.24
0.20059858108305,3.5175,0.24
0.200598581082955,3.52,0.24
0.200598581082861,3.5225,0.24
0.200598581082766,3.525,0.24
0.200598581082671,3.5275,0.24
0.200598581082576,3.53,0.24
0.200598581082481,3.5325,0.24
0.200598581082387,3.535,0.24
0.200598581082292,3.5375,0.24
0.200598581082197,3.54,0.24
0.200598581082102,3.5425,0.24
0.200598581082007,3.545,0.24
0.200598581081912,3.5475,0.24
0.200598581081818,3.55,0.24
0.200598581081723,3.5525,0.24
0.200598581081628,3.555,0.24
0.200598581081533,3.5575,0.24
0.200598581081438,3.56,0.24
0.200598581081343,3.5625,0.24
0.200598581081248,3.565,0.24
0.200598581081153,3.5675,0.24
0.200598581081059,3.57,0.24
0.200598581080964,3.5725,0.24
0.200598581080869,3.575,0.24
0.200598581080774,3.5775,0.24
0.200598581080679,3.58,0.24
0.200598581080584,3.5825,0.24
0.200598581080489,3.585,0.24
0.200598581080394,3.5875,0.24
0.2005985810803,3.59,0.24
0.200598581080205,3.5925,0.24
0.20059858108011,3.595,0.24
0.200598581080015,3.5975,0.24
0.20059858107992,3.6,0.24
0.200598581079825,3.6025,0.24
0.20059858107973,3.605,0.24
0.200598581079635,3.6075,0.24
0.20059858107954,3.61,0.24
0.200598581079445,3.6125,0.24
0.20059858107935,3.615,0.24
0.200598581079255,3.6175,0.24
0.20059858107916,3.62,0.24
0.200598581079066,3.6225,0.24
0.200598581078971,3.625,0.24
0.200598581078876,3.6275,0.24
0.200598581078781,3.63,0.24
0.200598581078686,3.6325,0.24
0.200598581078591,3.635,0.24
0.200598581078496,3.6375,0.24
0.200598581078401,3.64,0.24
0.200598581078306,3.6425,0.24
0.200598581078211,3.645,0.24
0.200598581078116,3.6475,0.24
0.200598581078021,3.65,0.24
0.200598581077926,3.6525,0.24
0.200598581077831,3.655,0.24
0.200598581077736,3.6575,0.24
0.200598581077641,3.66,0.24
0.200598581077546,3.6625,0.24
0.200598581077451,3.665,0.24
0.200598581077356,3.6675,0.24
0.200598581077261,3.67,0.24
0.200598581077166,3.6725,0.24
0.200598581077071,3.675,0.24
0.200598581076976,3.6775,0.24
0.200598581076881,3.68,0.24
0.200598581076786,3.6825,0.24
0.200598581076691,3.685,0.24
0.200598581076596,3.6875,0.24
0.200598581076501,3.69,0.24
0.200598581076406,3.6925,0.24
0.200598581076311,3.695,0.24
0.200598581076216,3.6975,0.24
0.200598581076121,3.7,0.24
0.200598581076026,3.7025,0.24
0.200598581075931,3.705,0.24
0.200598581075836,3.7075,0.24
0.200598581075741,3.71,0.24
0.200598581075645,3.7125,0.24
0.20059858107555,3.715,0.24
0.200598581075455,3.7175,0.24
0.20059858107536,3.72,0.24
0.200598581075265,3.7225,0.24
0.20059858107517,3.725,0.24
0.200598581075075,3.7275,0.24
0.20059858107498,3.73,0.24
0.200598581074885,3.7325,0.24
0.20059858107479,3.735,0.24
0.200598581074694,3.7375,0.24
0.200598581074599,3.74,0.24
0.200598581074504,3.7425,0.24
0.200598581074409,3.745,0.24
0.200598581074314,3.7475,0.24
0.200598581074219,3.75,0.24
0.200598581074124,3.7525,0.24
0.200598581074028,3.755,0.24
0.200598581073933,3.7575,0.24
0.200598581073838,3.76,0.24
0.200598581073743,3.7625,0.24
0.200598581073648,3.765,0.24
0.200598581073553,3.7675,0.24
0.200598581073457,3.77,0.24
0.200598581073362,3.7725,0.24
0.200598581073267,3.775,0.24
0.200598581073172,3.7775,0.24
0.200598581073077,3.78,0.24
0.200598581072981,3.7825,0.24
0.200598581072886,3.785,0.24
0.200598581072791,3.7875,0.24
0.200598581072696,3.79,0.24
0.200598581072601,3.7925,0.24
0.200598581072505,3.795,0.24
0.20059858107241,3.7975,0.24
0.200598581072315,3.8,0.24
0.20059858107222,3.8025,0.24
0.200598581072125,3.805,0.24
0.200598581072029,3.8075,0.24
0.200598581071934,3.81,0.24
0.200598581071839,3.8125,0.24
0.200598581071744,3.815,0.24
0.200598581071648,3.8175,0.24
0.200598581071553,3.82,0.24
0.200598581071458,3.8225,0.24
0.200598581071363,3.825,0.24
0.200598581071267,3.8275,0.24
0.200598581071172,3.83,0.24
0.200598581071077,3.8325,0.24
0.200598581070982,3.835,0.24
0.200598581070886,3.8375,0.24
0.200598581070791,3.84,0.24
0.200598581070696,3.8425,0.24
0.2005985810706,3.845,0.24
0.200598581070505,3.8475,0.24
0.20059858107041,3.85,0.24
0.200598581070314,3.8525,0.24
0.200598581070219,3.855,0.24
0.200598581070124,3.8575,0.24
0.200598581070029,3.86,0.24
0.200598581069933,3.8625,0.24
0.200598581069838,3.865,0.24
0.200598581069743,3.8675,0.24
0.200598581069647,3.87,0.24
0.200598581069552,3.8725,0.24
0.200598581069457,3.875,0.24
0.200598581069361,3.8775,0.24
0.200598581069266,3.88,0.24
0.20059858106917,3.8825,0.24
0.200598581069075,3.885,0.24
0.20059858106898,3.8875,0.24
0.200598581068884,3.89,0.24
0.200598581068789,3.8925,0.24
0.200598581068694,3.895,0.24
0.200598581068598,3.8975,0.24
0.200598581068503,3.9,0.24
0.200598581068407,3.9025,0.24
0.200598581068312,3.905,0.24
0.200598581068216,3.9075,0.24
0.200598581068121,3.91,0.24
0.200598581068025,3.9125,0.24
0.20059858106793,3.915,0.24
0.200598581067834,3.9175,0.24
0.200598581067739,3.92,0.24
0.200598581067643,3.9225,0.24
0.200598581067548,3.925,0.24
0.200598581067452,3.9275,0.24
0.200598581067357,3.93,0.24
0.200598581067261,3.9325,0.24
0.200598581067166,3.935,0.24
0.20059858106707,3.9375,0.24
0.200598581066975,3.94,0.24
0.200598581066879,3.9425,0.24
0.200598581066784,3.945,0.24
0.200598581066688,3.9475,0.24
0.200598581066592,3.95,0.24
0.200598581066497,3.9525,0.24
0.200598581066401,3.955,0.24
0.200598581066306,3.9575,0.24
0.20059858106621,3.96,0.24
0.200598581066115,3.9625,0.24
0.200598581066019,3.965,0.24
0.200598581065923,3.9675,0.24
0.200598581065828,3.97,0.24
0.200598581065732,3.9725,0.24
0.200598581065637,3.975,0.24
0.200598581065541,3.9775,0.24
0.200598581065445,3.98,0.24
0.20059858106535,3.9825,0.24
0.200598581065254,3.985,0.24
0.200598581065158,3.9875,0.24
0.200598581065063,3.99,0.24
0.200598581064967,3.9925,0.24
0.200598581064871,3.995,0.24
0.200598581064776,3.9975,0.24
0.20059858106468,4,0.24
0.200598581064584,4.0025,0.24
0.200598581064489,4.005,0.24
0.200598581064393,4.0075,0.24
0.200598581064297,4.01,0.24
0.200598581064202,4.0125,0.24
0.200598581064106,4.015,0.24
0.20059858106401,4.0175,0.24
0.200598581063914,4.02,0.24
0.200598581063819,4.0225,0.24
0.200598581063723,4.025,0.24
0.200598581063627,4.0275,0.24
0.200598581063531,4.03,0.24
0.200598581063436,4.0325,0.24
0.20059858106334,4.035,0.24
0.200598581063244,4.0375,0.24
0.200598581063148,4.04,0.24
0.200598581063053,4.0425,0.24
0.200598581062957,4.045,0.24
0.200598581062861,4.0475,0.24
0.200598581062765,4.05,0.24
0.200598581062669,4.0525,0.24
0.200598581062573,4.055,0.24
0.200598581062477,4.0575,0.24
0.200598581062381,4.06,0.24
0.200598581062286,4.0625,0.24
0.20059858106219,4.065,0.24
0.200598581062094,4.0675,0.24
0.200598581061998,4.07,0.24
0.200598581061902,4.0725,0.24
0.200598581061806,4.075,0.24
0.20059858106171,4.0775,0.24
0.200598581061614,4.08,0.24
0.200598581061519,4.0825,0.24
0.200598581061423,4.085,0.24
0.200598581061327,4.0875,0.24
0.200598581061231,4.09,0.24
0.200598581061135,4.0925,0.24
0.200598581061039,4.095,0.24
0.200598581060943,4.0975,0.24
0.200598581060847,4.1,0.24
0.200598581060751,4.1025,0.24
0.200598581060655,4.105,0.24
0.200598581060559,4.1075,0.24
0.200598581060463,4.11,0.24
0.200598581060367,4.1125,0.24
0.200598581060271,4.115,0.24
0.200598581060175,4.1175,0.24
0.200598581060079,4.12,0.24
0.200598581059983,4.1225,0.24
0.200598581059887,4.125,0.24
0.200598581059791,4.1275,0.24
0.200598581059695,4.13,0.24
0.200598581059599,4.1325,0.24
0.200598581059503,4.135,0.24
0.200598581059406,4.1375,0.24
0.20059858105931,4.14,0.24
0.200598581059214,4.1425,0.24
0.200598581059118,4.145,0.24
0.200598581059022,4.1475,0.24
0.200598581058926,4.15,0.24
0.20059858105883,4.1525,0.24
0.200598581058733,4.155,0.24
0.200598581058637,4.1575,0.24
0.200598581058541,4.16,0.24
0.200598581058445,4.1625,0.24
0.200598581058349,4.165,0.24
0.200598581058253,4.1675,0.24
0.200598581058156,4.17,0.24
0.20059858105806,4.1725,0.24
0.200598581057964,4.175,0.24
0.200598581057868,4.1775,0.24
0.200598581057771,4.18,0.24
0.200598581057675,4.1825,0.24
0.200598581057579,4.185,0.24
0.200598581057483,4.1875,0.24
0.200598581057386,4.19,0.24
0.20059858105729,4.1925,0.24
0.200598581057194,4.195,0.24
0.200598581057097,4.1975,0.24
0.200598581057001,4.2,0.24
0.200598581056905,4.2025,0.24
0.200598581056808,4.205,0.24
0.200598581056712,4.2075,0.24
0.200598581056616,4.21,0.24
0.200598581056519,4.2125,0.24
0.200598581056423,4.215,0.24
0.200598581056326,4.2175,0.24
0.20059858105623,4.22,0.24
0.200598581056134,4.2225,0.24
0.200598581056037,4.225,0.24
0.200598581055941,4.2275,0.24
0.200598581055845,4.23,0.24
0.200598581055748,4.2325,0.24
0.200598581055652,4.235,0.24
0.200598581055555,4.2375,0.24
0.200598581055459,4.24,0.24
0.200598581055362,4.2425,0.24
0.200598581055266,4.245,0.24
0.200598581055169,4.2475,0.24
0.200598581055073,4.25,0.24
0.200598581054977,4.2525,0.24
0.20059858105488,4.255,0.24
0.200598581054783,4.2575,0.24
0.200598581054687,4.26,0.24
0.20059858105459,4.2625,0.24
0.200598581054494,4.265,0.24
0.200598581054397,4.2675,0.24
0.200598581054301,4.27,0.24
0.200598581054204,4.2725,0.24
0.200598581054107,4.275,0.24
0.200598581054011,4.2775,0.24
0.200598581053914,4.28,0.24
0.200598581053817,4.2825,0.24
0.200598581053721,4.285,0.24
0.200598581053624,4.2875,0.24
0.200598581053527,4.29,0.24
0.200598581053431,4.2925,0.24
0.200598581053334,4.295,0.24
0.200598581053238,4.2975,0.24
0.200598581053141,4.3,0.24
0.200598581053044,4.3025,0.24
0.200598581052948,4.305,0.24
0.200598581052851,4.3075,0.24
0.200598581052754,4.31,0.24
0.200598581052657,4.3125,0.24
0.200598581052561,4.315,0.24
0.200598581052464,4.3175,0.24
0.200598581052367,4.32,0.24
0.20059858105227,4.3225,0.24
0.200598581052173,4.325,0.24
0.200598581052077,4.3275,0.24
0.20059858105198,4.33,0.24
0.200598581051883,4.3325,0.24
0.200598581051786,4.335,0.24
0.200598581051689,4.3375,0.24
0.200598581051593,4.34,0.24
0.200598581051496,4.3425,0.24
0.200598581051399,4.345,0.24
0.200598581051302,4.3475,0.24
0.200598581051205,4.35,0.24
0.200598581051108,4.3525,0.24
0.200598581051011,4.355,0.24
0.200598581050914,4.3575,0.24
0.200598581050817,4.36,0.24
0.20059858105072,4.3625,0.24
0.200598581050623,4.365,0.24
0.200598581050526,4.3675,0.24
0.200598581050429,4.37,0.24
0.200598581050333,4.3725,0.24
0.200598581050235,4.375,0.24
0.200598581050138,4.3775,0.24
0.200598581050042,4.38,0.24
0.200598581049944,4.3825,0.24
0.200598581049847,4.385,0.24
0.20059858104975,4.3875,0.24
0.200598581049653,4.39,0.24
0.200598581049556,4.3925,0.24
0.200598581049459,4.395,0.24
0.200598581049362,4.3975,0.24
0.200598581049265,4.4,0.24
0.200598581049167,4.4025,0.24
0.20059858104907,4.405,0.24
0.200598581048973,4.4075,0.24
0.200598581048876,4.41,0.24
0.200598581048779,4.4125,0.24
0.200598581048681,4.415,0.24
0.200598581048584,4.4175,0.24
0.200598581048487,4.42,0.24
0.20059858104839,4.4225,0.24
0.200598581048293,4.425,0.24
0.200598581048195,4.4275,0.24
0.200598581048098,4.43,0.24
0.200598581048001,4.4325,0.24
0.200598581047904,4.435,0.24
0.200598581047806,4.4375,0.24
0.200598581047709,4.44,0.24
0.200598581047611,4.4425,0.24
0.200598581047514,4.445,0.24
0.200598581047417,4.4475,0.24
0.20059858104732,4.45,0.24
0.200598581047222,4.4525,0.24
0.200598581047125,4.455,0.24
0.200598581047027,4.4575,0.24
0.20059858104693,4.46,0.24
0.200598581046832,4.4625,0.24
0.200598581046735,4.465,0.24
0.200598581046637,4.4675,0.24
0.20059858104654,4.47,0.24
0.200598581046442,4.4725,0.24
0.200598581046345,4.475,0.24
0.200598581046247,4.4775,0.24
0.20059858104615,4.48,0.24
0.200598581046052,4.4825,0.24
0.200598581045955,4.485,0.24
0.200598581045857,4.4875,0.24
0.200598581045759,4.49,0.24
0.200598581045662,4.4925,0.24
0.200598581045564,4.495,0.24
0.200598581045466,4.4975,0.24
0.200598581045369,4.5,0.24
0.200598581045271,4.5025,0.24
0.200598581045173,4.505,0.24
0.200598581045076,4.5075,0.24
0.200598581044978,4.51,0.24
0.20059858104488,4.5125,0.24
0.200598581044782,4.515,0.24
0.200598581044685,4.5175,0.24
0.200598581044587,4.52,0.24
0.200598581044489,4.5225,0.24
0.200598581044391,4.525,0.24
0.200598581044294,4.5275,0.24
0.200598581044196,4.53,0.24
0.200598581044098,4.5325,0.24
0.200598581044,4.535,0.24
0.200598581043902,4.5375,0.24
0.200598581043805,4.54,0.24
0.200598581043707,4.5425,0.24
0.200598581043609,4.545,0.24
0.200598581043511,4.5475,0.24
0.200598581043413,4.55,0.24
0.200598581043315,4.5525,0.24
0.200598581043217,4.555,0.24
0.200598581043119,4.5575,0.24
0.200598581043021,4.56,0.24
0.200598581042923,4.5625,0.24
0.200598581042825,4.565,0.24
0.200598581042727,4.5675,0.24
0.200598581042629,4.57,0.24
0.200598581042531,4.5725,0.24
0.200598581042433,4.575,0.24
0.200598581042335,4.5775,0.24
0.200598581042237,4.58,0.24
0.200598581042139,4.5825,0.24
0.20059858104204,4.585,0.24
0.200598581041942,4.5875,0.24
0.200598581041844,4.59,0.24
0.200598581041746,4.5925,0.24
0.200598581041648,4.595,0.24
0.20059858104155,4.5975,0.24
0.200598581041452,4.6,0.24
0.200598581041353,4.6025,0.24
0.200598581041255,4.605,0.24
0.200598581041157,4.6075,0.24
0.200598581041059,4.61,0.24
0.20059858104096,4.6125,0.24
0.200598581040862,4.615,0.24
0.200598581040764,4.6175,0.24
0.200598581040665,4.62,0.24
0.200598581040567,4.6225,0.24
0.200598581040469,4.625,0.24
0.20059858104037,4.6275,0.24
0.200598581040272,4.63,0.24
0.200598581040173,4.6325,0.24
0.200598581040075,4.635,0.24
0.200598581039976,4.6375,0.24
0.200598581039878,4.64,0.24
0.200598581039779,4.6425,0.24
0.200598581039681,4.645,0.24
0.200598581039582,4.6475,0.24
0.200598581039484,4.65,0.24
0.200598581039385,4.6525,0.24
0.200598581039287,4.655,0.24
0.200598581039188,4.6575,0.24
0.200598581039089,4.66,0.24
0.200598581038991,4.6625,0.24
0.200598581038892,4.665,0.24
0.200598581038793,4.6675,0.24
0.200598581038695,4.67,0.24
0.200598581038596,4.6725,0.24
0.200598581038497,4.675,0.24
0.200598581038398,4.6775,0.24
0.2005985810383,4.68,0.24
0.200598581038201,4.6825,0.24
0.200598581038102,4.685,0.24
0.200598581038003,4.6875,0.24
0.200598581037904,4.69,0.24
0.200598581037806,4.6925,0.24
0.200598581037707,4.695,0.24
0.200598581037608,4.6975,0.24
0.200598581037509,4.7,0.24
0.20059858103741,4.7025,0.24
0.200598581037311,4.705,0.24
0.200598581037212,4.7075,0.24
0.200598581037113,4.71,0.24
0.200598581037014,4.7125,0.24
0.200598581036915,4.715,0.24
0.200598581036816,4.7175,0.24
0.200598581036717,4.72,0.24
0.200598581036618,4.7225,0.24
0.200598581036519,4.725,0.24
0.200598581036419,4.7275,0.24
0.20059858103632,4.73,0.24
0.200598581036221,4.7325,0.24
0.200598581036122,4.735,0.24
0.200598581036023,4.7375,0.24
0.200598581035923,4.74,0.24
0.200598581035824,4.7425,0.24
0.200598581035725,4.745,0.24
0.200598581035626,4.7475,0.24
0.200598581035526,4.75,0.24
0.200598581035427,4.7525,0.24
0.200598581035328,4.755,0.24
0.200598581035228,4.7575,0.24
0.200598581035129,4.76,0.24
0.200598581035029,4.7625,0.24
0.20059858103493,4.765,0.24
0.200598581034831,4.7675,0.24
0.200598581034731,4.77,0.24
0.200598581034632,4.7725,0.24
0.200598581034532,4.775,0.24
0.200598581034433,4.7775,0.24
0.200598581034333,4.78,0.24
0.200598581034234,4.7825,0.24
0.200598581034134,4.785,0.24
0.200598581034034,4.7875,0.24
0.200598581033935,4.79,0.24
0.200598581033835,4.7925,0.24
0.200598581033735,4.795,0.24
0.200598581033636,4.7975,0.24
0.200598581033536,4.8,0.24
0.200598581033436,4.8025,0.24
0.200598581033336,4.805,0.24
0.200598581033237,4.8075,0.24
0.200598581033137,4.81,0.24
0.200598581033037,4.8125,0.24
0.200598581032937,4.815,0.24
0.200598581032837,4.8175,0.24
0.200598581032737,4.82,0.24
0.200598581032638,4.8225,0.24
0.200598581032538,4.825,0.24
0.200598581032438,4.8275,0.24
0.200598581032338,4.83,0.24
0.200598581032238,4.8325,0.24
0.200598581032138,4.835,0.24
0.200598581032037,4.8375,0.24
0.200598581031937,4.84,0.24
0.200598581031837,4.8425,0.24
0.200598581031737,4.845,0.24
0.200598581031637,4.8475,0.24
0.200598581031537,4.85,0.24
0.200598581031437,4.8525,0.24
0.200598581031336,4.855,0.24
0.200598581031236,4.8575,0.24
0.200598581031136,4.86,0.24
0.200598581031036,4.8625,0.24
0.200598581030935,4.865,0.24
0.200598581030835,4.8675,0.24
0.200598581030735,4.87,0.24
0.200598581030634,4.8725,0.24
0.200598581030534,4.875,0.24
0.200598581030433,4.8775,0.24
0.200598581030333,4.88,0.24
0.200598581030233,4.8825,0.24
0.200598581030132,4.885,0.24
0.200598581030032,4.8875,0.24
0.200598581029931,4.89,0.24
0.200598581029831,4.8925,0.24
0.20059858102973,4.895,0.24
0.200598581029629,4.8975,0.24
0.200598581029529,4.9,0.24
0.200598581029428,4.9025,0.24
0.200598581029327,4.905,0.24
0.200598581029227,4.9075,0.24
0.200598581029126,4.91,0.24
0.200598581029025,4.9125,0.24
0.200598581028924,4.915,0.24
0.200598581028824,4.9175,0.24
0.200598581028723,4.92,0.24
0.200598581028622,4.9225,0.24
0.200598581028521,4.925,0.24
0.20059858102842,4.9275,0.24
0.200598581028319,4.93,0.24
0.200598581028218,4.9325,0.24
0.200598581028117,4.935,0.24
0.200598581028016,4.9375,0.24
0.200598581027915,4.94,0.24
0.200598581027814,4.9425,0.24
0.200598581027713,4.945,0.24
0.200598581027612,4.9475,0.24
0.200598581027511,4.95,0.24
0.20059858102741,4.9525,0.24
0.200598581027309,4.955,0.24
0.200598581027207,4.9575,0.24
0.200598581027106,4.96,0.24
0.200598581027005,4.9625,0.24
0.200598581026904,4.965,0.24
0.200598581026802,4.9675,0.24
0.200598581026701,4.97,0.24
0.2005985810266,4.9725,0.24
0.200598581026498,4.975,0.24
0.200598581026397,4.9775,0.24
0.200598581026295,4.98,0.24
0.200598581026194,4.9825,0.24
0.200598581026092,4.985,0.24
0.200598581025991,4.9875,0.24
0.200598581025889,4.99,0.24
0.200598581025788,4.9925,0.24
0.200598581025686,4.995,0.24
0.200598581025584,4.9975,0.24
0.200598581025483,5,0.24
0.200598581025381,5.0025,0.24
0.200598581025279,5.005,0.24
0.200598581025178,5.0075,0.24
0.200598581025076,5.01,0.24
0.200598581024974,5.0125,0.24
0.200598581024872,5.015,0.24
0.20059858102477,5.0175,0.24
0.200598581024669,5.02,0.24
0.200598581024567,5.0225,0.24
0.200598581024465,5.025,0.24
0.200598581024363,5.0275,0.24
0.200598581024261,5.03,0.24
0.200598581024159,5.0325,0.24
0.200598581024057,5.035,0.24
0.200598581023955,5.0375,0.24
0.200598581023853,5.04,0.24
0.20059858102375,5.0425,0.24
0.200598581023648,5.045,0.24
0.200598581023546,5.0475,0.24
0.200598581023444,5.05,0.24
0.200598581023342,5.0525,0.24
0.200598581023239,5.055,0.24
0.200598581023137,5.0575,0.24
0.200598581023035,5.06,0.24
0.200598581022932,5.0625,0.24
0.20059858102283,5.065,0.24
0.200598581022727,5.0675,0.24
0.200598581022625,5.07,0.24
0.200598581022522,5.0725,0.24
0.20059858102242,5.075,0.24
0.200598581022317,5.0775,0.24
0.200598581022215,5.08,0.24
0.200598581022112,5.0825,0.24
0.200598581022009,5.085,0.24
0.200598581021907,5.0875,0.24
0.200598581021804,5.09,0.24
0.200598581021701,5.0925,0.24
0.200598581021598,5.095,0.24
0.200598581021496,5.0975,0.24
0.200598581021393,5.1,0.24
0.20059858102129,5.1025,0.24
0.200598581021187,5.105,0.24
0.200598581021084,5.1075,0.24
0.200598581020981,5.11,0.24
0.200598581020878,5.1125,0.24
0.200598581020775,5.115,0.24
0.200598581020672,5.1175,0.24
0.200598581020569,5.12,0.24
0.200598581020466,5.1225,0.24
0.200598581020363,5.125,0.24
0.200598581020259,5.1275,0.24
0.200598581020156,5.13,0.24
0.200598581020053,5.1325,0.24
0.20059858101995,5.135,0.24
0.200598581019846,5.1375,0.24
0.200598581019743,5.14,0.24
0.200598581019639,5.1425,0.24
0.200598581019536,5.145,0.24
0.200598581019432,5.1475,0.24
0.200598581019329,5.15,0.24
0.200598581019225,5.1525,0.24
0.200598581019122,5.155,0.24
0.200598581019018,5.1575,0.24
0.200598581018915,5.16,0.24
0.200598581018811,5.1625,0.24
0.200598581018707,5.165,0.24
0.200598581018604,5.1675,0.24
0.2005985810185,5.17,0.24
0.200598581018396,5.1725,0.24
0.200598581018292,5.175,0.24
0.200598581018188,5.1775,0.24
0.200598581018084,5.18,0.24
0.20059858101798,5.1825,0.24
0.200598581017876,5.185,0.24
0.200598581017772,5.1875,0.24
0.200598581017668,5.19,0.24
0.200598581017564,5.1925,0.24
0.20059858101746,5.195,0.24
0.200598581017356,5.1975,0.24
0.200598581017252,5.2,0.24
0.200598581017147,5.2025,0.24
0.200598581017043,5.205,0.24
0.200598581016939,5.2075,0.24
0.200598581016834,5.21,0.24
0.20059858101673,5.2125,0.24
0.200598581016625,5.215,0.24
0.200598581016521,5.2175,0.24
0.200598581016416,5.22,0.24
0.200598581016312,5.2225,0.24
0.200598581016207,5.225,0.24
0.200598581016102,5.2275,0.24
0.200598581015998,5.23,0.24
0.200598581015893,5.2325,0.24
0.200598581015788,5.235,0.24
0.200598581015684,5.2375,0.24
0.200598581015579,5.24,0.24
0.200598581015474,5.2425,0.24
0.200598581015369,5.245,0.24
0.200598581015264,5.2475,0.24
0.200598581015159,5.25,0.24
0.200598581015054,5.2525,0.24
0.200598581014949,5.255,0.24
0.200598581014844,5.2575,0.24
0.200598581014739,5.26,0.24
0.200598581014633,5.2625,0.24
0.200598581014528,5.265,0.24
0.200598581014423,5.2675,0.24
0.200598581014318,5.27,0.24
0.200598581014212,5.2725,0.24
0.200598581014107,5.275,0.24
0.200598581014001,5.2775,0.24
0.200598581013896,5.28,0.24
0.20059858101379,5.2825,0.24
0.200598581013685,5.285,0.24
0.200598581013579,5.2875,0.24
0.200598581013474,5.29,0.24
0.200598581013368,5.2925,0.24
0.200598581013263,5.295,0.24
0.200598581013157,5.2975,0.24
0.200598581013051,5.3,0.24
0.200598581012945,5.3025,0.24
0.200598581012839,5.305,0.24
0.200598581012733,5.3075,0.24
0.200598581012627,5.31,0.24
0.200598581012521,5.3125,0.24
0.200598581012415,5.315,0.24
0.200598581012309,5.3175,0.24
0.200598581012203,5.32,0.24
0.200598581012097,5.3225,0.24
0.20059858101199,5.325,0.24
0.200598581011884,5.3275,0.24
0.200598581011778,5.33,0.24
0.200598581011672,5.3325,0.24
0.200598581011565,5.335,0.24
0.200598581011459,5.3375,0.24
0.200598581011352,5.34,0.24
0.200598581011246,5.3425,0.24
0.200598581011139,5.345,0.24
0.200598581011032,5.3475,0.24
0.200598581010926,5.35,0.24
0.200598581010819,5.3525,0.24
0.200598581010712,5.355,0.24
0.200598581010605,5.3575,0.24
0.200598581010498,5.36,0.24
0.200598581010391,5.3625,0.24
0.200598581010285,5.365,0.24
0.200598581010178,5.3675,0.24
0.200598581010071,5.37,0.24
0.200598581009963,5.3725,0.24
0.200598581009856,5.375,0.24
0.200598581009749,5.3775,0.24
0.200598581009642,5.38,0.24
0.200598581009535,5.3825,0.24
0.200598581009427,5.385,0.24
0.20059858100932,5.3875,0.24
0.200598581009212,5.39,0.24
0.200598581009105,5.3925,0.24
0.200598581008997,5.395,0.24
0.20059858100889,5.3975,0.24
0.200598581008782,5.4,0.24
0.200598581008674,5.4025,0.24
0.200598581008567,5.405,0.24
0.200598581008459,5.4075,0.24
0.200598581008351,5.41,0.24
0.200598581008243,5.4125,0.24
0.200598581008135,5.415,0.24
0.200598581008027,5.4175,0.24
0.200598581007919,5.42,0.24
0.200598581007811,5.4225,0.24
0.200598581007703,5.425,0.24
0.200598581007595,5.4275,0.24
0.200598581007486,5.43,0.24
0.200598581007378,5.4325,0.24
0.20059858100727,5.435,0.24
0.200598581007161,5.4375,0.24
0.200598581007053,5.44,0.24
0.200598581006945,5.4425,0.24
0.200598581006836,5.445,0.24
0.200598581006727,5.4475,0.24
0.200598581006619,5.45,0.24
0.20059858100651,5.4525,0.24
0.200598581006401,5.455,0.24
0.200598581006293,5.4575,0.24
0.200598581006184,5.46,0.24
0.200598581006075,5.4625,0.24
0.200598581005966,5.465,0.24
0.200598581005857,5.4675,0.24
0.200598581005748,5.47,0.24
0.200598581005639,5.4725,0.24
0.20059858100553,5.475,0.24
0.20059858100542,5.4775,0.24
0.200598581005311,5.48,0.24
0.200598581005202,5.4825,0.24
0.200598581005093,5.485,0.24
0.200598581004983,5.4875,0.24
0.200598581004874,5.49,0.24
0.200598581004764,5.4925,0.24
0.200598581004654,5.495,0.24
0.200598581004545,5.4975,0.24
0.200598581004435,5.5,0.24
0.200598581004325,5.5025,0.24
0.200598581004215,5.505,0.24
0.200598581004105,5.5075,0.24
0.200598581003995,5.51,0.24
0.200598581003886,5.5125,0.24
0.200598581003775,5.515,0.24
0.200598581003665,5.5175,0.24
0.200598581003555,5.52,0.24
0.200598581003445,5.5225,0.24
0.200598581003334,5.525,0.24
0.200598581003224,5.5275,0.24
0.200598581003114,5.53,0.24
0.200598581003003,5.5325,0.24
0.200598581002893,5.535,0.24
0.200598581002782,5.5375,0.24
0.200598581002672,5.54,0.24
0.200598581002561,5.5425,0.24
0.20059858100245,5.545,0.24
0.200598581002339,5.5475,0.24
0.200598581002228,5.55,0.24
0.200598581002117,5.5525,0.24
0.200598581002006,5.555,0.24
0.200598581001895,5.5575,0.24
0.200598581001784,5.56,0.24
0.200598581001673,5.5625,0.24
0.200598581001562,5.565,0.24
0.20059858100145,5.5675,0.24
0.200598581001339,5.57,0.24
0.200598581001227,5.5725,0.24
0.200598581001116,5.575,0.24
0.200598581001004,5.5775,0.24
0.200598581000893,5.58,0.24
0.200598581000781,5.5825,0.24
0.200598581000669,5.585,0.24
0.200598581000557,5.5875,0.24
0.200598581000445,5.59,0.24
0.200598581000334,5.5925,0.24
0.200598581000222,5.595,0.24
0.200598581000109,5.5975,0.24
0.200598580999997,5.6,0.24
0.200598580999885,5.6025,0.24
0.200598580999773,5.605,0.24
0.200598580999661,5.6075,0.24
0.200598580999548,5.61,0.24
0.200598580999436,5.6125,0.24
0.200598580999323,5.615,0.24
0.200598580999211,5.6175,0.24
0.200598580999098,5.62,0.24
0.200598580998985,5.6225,0.24
0.200598580998872,5.625,0.24
0.20059858099876,5.6275,0.24
0.200598580998647,5.63,0.24
0.200598580998534,5.6325,0.24
0.20059858099842,5.635,0.24
0.200598580998307,5.6375,0.24
0.200598580998194,5.64,0.24
0.200598580998081,5.6425,0.24
0.200598580997967,5.645,0.24
0.200598580997854,5.6475,0.24
0.200598580997741,5.65,0.24
0.200598580997627,5.6525,0.24
0.200598580997513,5.655,0.24
0.200598580997399,5.6575,0.24
0.200598580997286,5.66,0.24
0.200598580997172,5.6625,0.24
0.200598580997058,5.665,0.24
0.200598580996944,5.6675,0.24
0.20059858099683,5.67,0.24
0.200598580996716,5.6725,0.24
0.200598580996602,5.675,0.24
0.200598580996487,5.6775,0.24
0.200598580996373,5.68,0.24
0.200598580996258,5.6825,0.24
0.200598580996144,5.685,0.24
0.200598580996029,5.6875,0.24
0.200598580995915,5.69,0.24
0.2005985809958,5.6925,0.24
0.200598580995685,5.695,0.24
0.20059858099557,5.6975,0.24
0.200598580995455,5.7,0.24
0.20059858099534,5.7025,0.24
0.200598580995225,5.705,0.24
0.20059858099511,5.7075,0.24
0.200598580994995,5.71,0.24
0.200598580994879,5.7125,0.24
0.200598580994764,5.715,0.24
0.200598580994649,5.7175,0.24
0.200598580994533,5.72,0.24
0.200598580994417,5.7225,0.24
0.200598580994302,5.725,0.24
0.200598580994186,5.7275,0.24
0.20059858099407,5.73,0.24
0.200598580993954,5.7325,0.24
0.200598580993838,5.735,0.24
0.200598580993722,5.7375,0.24
0.200598580993606,5.74,0.24
0.200598580993489,5.7425,0.24
0.200598580993373,5.745,0.24
0.200598580993256,5.7475,0.24
0.20059858099314,5.75,0.24
0.200598580993023,5.7525,0.24
0.200598580992907,5.755,0.24
0.20059858099279,5.7575,0.24
0.200598580992673,5.76,0.24
0.200598580992556,5.7625,0.24
0.200598580992439,5.765,0.24
0.200598580992322,5.7675,0.24
0.200598580992205,5.77,0.24
0.200598580992088,5.7725,0.24
0.20059858099197,5.775,0.24
0.200598580991853,5.7775,0.24
0.200598580991735,5.78,0.24
0.200598580991618,5.7825,0.24
0.2005985809915,5.785,0.24
0.200598580991382,5.7875,0.24
0.200598580991264,5.79,0.24
0.200598580991146,5.7925,0.24
0.200598580991028,5.795,0.24
0.20059858099091,5.7975,0.24
0.200598580990792,5.8,0.24
0.200598580990674,5.8025,0.24
0.200598580990555,5.805,0.24
0.200598580990437,5.8075,0.24
0.200598580990318,5.81,0.24
0.2005985809902,5.8125,0.24
0.200598580990081,5.815,0.24
0.200598580989962,5.8175,0.24
0.200598580989843,5.82,0.24
0.200598580989724,5.8225,0.24
0.200598580989605,5.825,0.24
0.200598580989486,5.8275,0.24
0.200598580989367,5.83,0.24
0.200598580989248,5.8325,0.24
0.200598580989128,5.835,0.24
0.200598580989009,5.8375,0.24
0.200598580988889,5.84,0.24
0.20059858098877,5.8425,0.24
0.20059858098865,5.845,0.24
0.20059858098853,5.8475,0.24
0.20059858098841,5.85,0.24
0.20059858098829,5.8525,0.24
0.20059858098817,5.855,0.24
0.200598580988049,5.8575,0.24
0.200598580987929,5.86,0.24
0.200598580987809,5.8625,0.24
0.200598580987688,5.865,0.24
0.200598580987567,5.8675,0.24
0.200598580987447,5.87,0.24
0.200598580987326,5.8725,0.24
0.200598580987205,5.875,0.24
0.200598580987084,5.8775,0.24
0.200598580986963,5.88,0.24
0.200598580986842,5.8825,0.24
0.20059858098672,5.885,0.24
0.200598580986599,5.8875,0.24
0.200598580986478,5.89,0.24
0.200598580986356,5.8925,0.24
0.200598580986234,5.895,0.24
0.200598580986112,5.8975,0.24
0.20059858098599,5.9,0.24
0.200598580985868,5.9025,0.24
0.200598580985746,5.905,0.24
0.200598580985624,5.9075,0.24
0.200598580985502,5.91,0.24
0.20059858098538,5.9125,0.24
0.200598580985257,5.915,0.24
0.200598580985135,5.9175,0.24
0.200598580985012,5.92,0.24
0.200598580984889,5.9225,0.24
0.200598580984766,5.925,0.24
0.200598580984643,5.9275,0.24
0.20059858098452,5.93,0.24
0.200598580984397,5.9325,0.24
0.200598580984274,5.935,0.24
0.20059858098415,5.9375,0.24
0.200598580984027,5.94,0.24
0.200598580983903,5.9425,0.24
0.20059858098378,5.945,0.24
0.200598580983656,5.9475,0.24
0.200598580983532,5.95,0.24
0.200598580983408,5.9525,0.24
0.200598580983284,5.955,0.24
0.200598580983159,5.9575,0.24
0.200598580983035,5.96,0.24
0.200598580982911,5.9625,0.24
0.200598580982786,5.965,0.24
0.200598580982661,5.9675,0.24
0.200598580982537,5.97,0.24
0.200598580982412,5.9725,0.24
0.200598580982287,5.975,0.24
0.200598580982162,5.9775,0.24
0.200598580982036,5.98,0.24
0.200598580981911,5.9825,0.24
0.200598580981785,5.985,0.24
0.20059858098166,5.9875,0.24
0.200598580981534,5.99,0.24
0.200598580981408,5.9925,0.24
0.200598580981282,5.995,0.24
0.200598580981156,5.9975,0.24
0.20059858098103,6,0.24
0.200598580980904,6.0025,0.24
0.200598580980778,6.005,0.24
0.200598580980651,6.0075,0.24
0.200598580980525,6.01,0.24
0.200598580980398,6.0125,0.24
0.200598580980271,6.015,0.24
0.200598580980144,6.0175,0.24
0.200598580980017,6.02,0.24
0.20059858097989,6.0225,0.24
0.200598580979763,6.025,0.24
0.200598580979635,6.0275,0.24
0.200598580979508,6.03,0.24
0.20059858097938,6.0325,0.24
0.200598580979252,6.035,0.24
0.200598580979125,6.0375,0.24
0.200598580978997,6.04,0.24
0.200598580978868,6.0425,0.24
0.20059858097874,6.045,0.24
0.200598580978612,6.0475,0.24
0.200598580978483,6.05,0.24
0.200598580978355,6.0525,0.24
0.200598580978226,6.055,0.24
0.200598580978097,6.0575,0.24
0.200598580977968,6.06,0.24
0.200598580977839,6.0625,0.24
0.20059858097771,6.065,0.24
0.200598580977581,6.0675,0.24
0.200598580977451,6.07,0.24
0.200598580977322,6.0725,0.24
0.200598580977192,6.075,0.24
0.200598580977062,6.0775,0.24
0.200598580976932,6.08,0.24
0.200598580976802,6.0825,0.24
0.200598580976672,6.085,0.24
0.200598580976541,6.0875,0.24
0.200598580976411,6.09,0.24
0.20059858097628,6.0925,0.24
0.200598580976149,6.095,0.24
0.200598580976018,6.0975,0.24
0.200598580975887,6.1,0.24
0.200598580975756,6.1025,0.24
0.200598580975625,6.105,0.24
0.200598580975494,6.1075,0.24
0.200598580975362,6.11,0.24
0.20059858097523,6.1125,0.24
0.200598580975098,6.115,0.24
0.200598580974966,6.1175,0.24
0.200598580974834,6.12,0.24
0.200598580974702,6.1225,0.24
0.20059858097457,6.125,0.24
0.200598580974437,6.1275,0.24
0.200598580974305,6.13,0.24
0.200598580974172,6.1325,0.24
0.200598580974039,6.135,0.24
0.200598580973906,6.1375,0.24
0.200598580973773,6.14,0.24
0.200598580973639,6.1425,0.24
0.200598580973506,6.145,0.24
0.200598580973372,6.1475,0.24
0.200598580973238,6.15,0.24
0.200598580973104,6.1525,0.24
0.20059858097297,6.155,0.24
0.200598580972836,6.1575,0.24
0.200598580972702,6.16,0.24
0.200598580972567,6.1625,0.24
0.200598580972433,6.165,0.24
0.200598580972298,6.1675,0.24
0.200598580972163,6.17,0.24
0.200598580972028,6.1725,0.24
0.200598580971893,6.175,0.24
0.200598580971758,6.1775,0.24
0.200598580971622,6.18,0.24
0.200598580971487,6.1825,0.24
0.200598580971351,6.185,0.24
0.200598580971215,6.1875,0.24
0.200598580971079,6.19,0.24
0.200598580970943,6.1925,0.24
0.200598580970806,6.195,0.24
0.20059858097067,6.1975,0.24
0.200598580970533,6.2,0.24
0.200598580970396,6.2025,0.24
0.200598580970259,6.205,0.24
0.200598580970122,6.2075,0.24
0.200598580969985,6.21,0.24
0.200598580969847,6.2125,0.24
0.20059858096971,6.215,0.24
0.200598580969572,6.2175,0.24
0.200598580969434,6.22,0.24
0.200598580969296,6.2225,0.24
0.200598580969158,6.225,0.24
0.20059858096902,6.2275,0.24
0.200598580968882,6.23,0.24
0.200598580968743,6.2325,0.24
0.200598580968604,6.235,0.24
0.200598580968465,6.2375,0.24
0.200598580968326,6.24,0.24
0.200598580968187,6.2425,0.24
0.200598580968047,6.245,0.24
0.200598580967908,6.2475,0.24
0.200598580967768,6.25,0.24
0.200598580967628,6.2525,0.24
0.200598580967488,6.255,0.24
0.200598580967348,6.2575,0.24
0.200598580967207,6.26,0.24
0.200598580967067,6.2625,0.24
0.200598580966926,6.265,0.24
0.200598580966785,6.2675,0.24
0.200598580966644,6.27,0.24
0.200598580966503,6.2725,0.24
0.200598580966361,6.275,0.24
0.20059858096622,6.2775,0.24
0.200598580966078,6.28,0.24
0.200598580965936,6.2825,0.24
0.200598580965794,6.285,0.24
0.200598580965652,6.2875,0.24
0.200598580965509,6.29,0.24
0.200598580965367,6.2925,0.24
0.200598580965224,6.295,0.24
0.200598580965081,6.2975,0.24
0.200598580964938,6.3,0.24
0.200598580964794,6.3025,0.24
0.200598580964651,6.305,0.24
0.200598580964507,6.3075,0.24
0.200598580964363,6.31,0.24
0.20059858096422,6.3125,0.24
0.200598580964075,6.315,0.24
0.200598580963931,6.3175,0.24
0.200598580963786,6.32,0.24
0.200598580963642,6.3225,0.24
0.200598580963497,6.325,0.24
0.200598580963352,6.3275,0.24
0.200598580963206,6.33,0.24
0.200598580963061,6.3325,0.24
0.200598580962915,6.335,0.24
0.20059858096277,6.3375,0.24
0.200598580962623,6.34,0.24
0.200598580962477,6.3425,0.24
0.200598580962331,6.345,0.24
0.200598580962184,6.3475,0.24
0.200598580962038,6.35,0.24
0.200598580961891,6.3525,0.24
0.200598580961743,6.355,0.24
0.200598580961596,6.3575,0.24
0.200598580961449,6.36,0.24
0.200598580961301,6.3625,0.24
0.200598580961153,6.365,0.24
0.200598580961005,6.3675,0.24
0.200598580960857,6.37,0.24
0.200598580960708,6.3725,0.24
0.20059858096056,6.375,0.24
0.200598580960411,6.3775,0.24
0.200598580960262,6.38,0.24
0.200598580960113,6.3825,0.24
0.200598580959963,6.385,0.24
0.200598580959814,6.3875,0.24
0.200598580959664,6.39,0.24
0.200598580959514,6.3925,0.24
0.200598580959364,6.395,0.24
0.200598580959213,6.3975,0.24
0.200598580959063,6.4,0.24
0.200598580958912,6.4025,0.24
0.200598580958761,6.405,0.24
0.20059858095861,6.4075,0.24
0.200598580958458,6.41,0.24
0.200598580958307,6.4125,0.24
0.200598580958155,6.415,0.24
0.200598580958003,6.4175,0.24
0.200598580957851,6.42,0.24
0.200598580957698,6.4225,0.24
0.200598580957545,6.425,0.24
0.200598580957393,6.4275,0.24
0.200598580957239,6.43,0.24
0.200598580957086,6.4325,0.24
0.200598580956933,6.435,0.24
0.200598580956779,6.4375,0.24
0.200598580956625,6.44,0.24
0.200598580956471,6.4425,0.24
0.200598580956316,6.445,0.24
0.200598580956162,6.4475,0.24
0.200598580956007,6.45,0.24
0.200598580955852,6.4525,0.24
0.200598580955697,6.455,0.24
0.200598580955541,6.4575,0.24
0.200598580955386,6.46,0.24
0.20059858095523,6.4625,0.24
0.200598580955074,6.465,0.24
0.200598580954917,6.4675,0.24
0.200598580954761,6.47,0.24
0.200598580954604,6.4725,0.24
0.200598580954447,6.475,0.24
0.20059858095429,6.4775,0.24
0.200598580954132,6.48,0.24
0.200598580953975,6.4825,0.24
0.200598580953817,6.485,0.24
0.200598580953659,6.4875,0.24
0.2005985809535,6.49,0.24
0.200598580953342,6.4925,0.24
0.200598580953183,6.495,0.24
0.200598580953024,6.4975,0.24
0.200598580952864,6.5,0.24
0.200598580952705,6.5025,0.24
0.200598580952545,6.505,0.24
0.200598580952385,6.5075,0.24
0.200598580952225,6.51,0.24
0.200598580952065,6.5125,0.24
0.200598580951904,6.515,0.24
0.200598580951743,6.5175,0.24
0.200598580951582,6.52,0.24
0.20059858095142,6.5225,0.24
0.200598580951259,6.525,0.24
0.200598580951097,6.5275,0.24
0.200598580950935,6.53,0.24
0.200598580950772,6.5325,0.24
0.20059858095061,6.535,0.24
0.200598580950447,6.5375,0.24
0.200598580950284,6.54,0.24
0.200598580950121,6.5425,0.24
0.200598580949957,6.545,0.24
0.200598580949793,6.5475,0.24
0.200598580949629,6.55,0.24
0.200598580949465,6.5525,0.24
0.2005985809493,6.555,0.24
0.200598580949135,6.5575,0.24
0.20059858094897,6.56,0.24
0.200598580948805,6.5625,0.24
0.20059858094864,6.565,0.24
0.200598580948474,6.5675,0.24
0.200598580948308,6.57,0.24
0.200598580948141,6.5725,0.24
0.200598580947975,6.575,0.24
0.200598580947808,6.5775,0.24
0.200598580947641,6.58,0.24
0.200598580947473,6.5825,0.24
0.200598580947306,6.585,0.24
0.200598580947138,6.5875,0.24
0.20059858094697,6.59,0.24
0.200598580946801,6.5925,0.24
0.200598580946633,6.595,0.24
0.200598580946464,6.5975,0.24
0.200598580946294,6.6,0.24
0.200598580946125,6.6025,0.24
0.200598580945955,6.605,0.24
0.200598580945785,6.6075,0.24
